Name,Population,Assault rate 2019,Assault rate 2020,Assault rate 2021,Assault rate 2022,Assault rate 2023,Autotheft rate 2019,Autotheft rate 2020,Autotheft rate 2021,Autotheft rate 2022,Autotheft rate 2023,Biketheft rate 2019,Biketheft rate 2020,Biketheft rate 2021,Biketheft rate 2022,Biketheft rate 2023,Breakenter rate 2019,Breakenter rate 2020,Breakenter rate 2021,Breakenter rate 2022,Breakenter rate 2023,Homicide rate 2019,Homicide rate 2020,Homicide rate 2021,Homicide rate 2022,Homicide rate 2023,Robbery rate 2019,Robbery rate 2020,Robbery rate 2021,Robbery rate 2022,Robbery rate 2023,Shooting rate 2019,Shooting rate 2020,Shooting rate 2021,Shooting rate 2022,Shooting rate 2023,Theft from motorvehicle rate 2019,Theft from motorvehicle rate 2020,Theft from motorvehicle rate 2021,Theft from motorvehicle rate 2022,Theft from motorvehicle rate 2023,"Theft over $5,000 rate 2019","Theft over $5,000 rate 2020","Theft over $5,000 rate 2021","Theft over $5,000 rate 2022","Theft over $5,000 rate 2023"
Oakdale-Beverley Heights,21503,1400.759766,1111.741943,1388.428223,1458.480347,2078.779785,441.5954285,487.2741089,544.946228,503.4109497,748.7327271,37.98670578,52.03898239,42.64796448,65.10719434,55.8061676,379.8670349,208.1559296,298.5357666,235.2387695,413.8957214,4.748338223,0.0,0.0,9.409550667,4.650513649,194.6818542,236.5408325,137.4212189,183.4862366,139.5154114,14.24501419,23.65408325,42.64796448,32.9334259,27.9030838,565.0522461,747.4689941,535.4688721,492.9544715,339.4875183,33.23836517,66.23143005,85.29592896,89.39073181,106.9618225
North Toronto,15077,582.0105591,525.9697266,740.5825195,893.8393555,696.4249878,30.23431587,80.35649109,99.69379425,68.75687408,119.387146,166.2887421,365.2567749,156.6616821,66.32619221,145.9176178,272.1088562,642.8519287,348.9282837,316.2816162,205.6111908,7.558578968,7.305135727,0.0,0.0,0.0,143.6130066,21.91540718,71.20985413,75.63256073,92.85666656,0.0,0.0,7.120985508,6.875687599,0.0,136.0544281,175.3232574,121.0567551,152.5502421,271.9373779,30.23431587,43.83081436,14.24197102,27.5027504,46.42833328
Fenside-Parkwoods,22909,467.7310486,501.0961609,375.956665,457.4524841,567.4625854,94.44569397,93.95552826,147.6972656,164.3275909,174.6038666,17.98965645,8.948145866,22.3783741,13.09529006,30.55567741,152.9120789,107.3777466,89.5134964,48.85414886,87.30193329,4.497414112,0.0,4.475674629,0.0,4.365096569,107.9379349,22.37036324,35.80539703,39.97157669,61.11135483,4.497414112,13.42221832,8.951349258,13.32385826,4.365096569,332.8086243,219.2295685,201.405365,257.5407045,165.8736725,8.994828224,4.474072933,17.90269852,8.882572174,30.55567741
Junction-Wallace Emerson,26240,716.8458862,661.9922485,696.6459351,539.2404175,872.7134399,90.59041595,172.3530121,136.9809418,182.3330841,129.5731659,275.7099609,211.5241547,140.8946838,137.195122,209.603653,405.6875,430.8825378,297.4443359,217.2479401,312.5,3.938713551,0.0,0.0,0.0,0.0,118.1614075,86.17650604,43.05115128,77.58854675,68.5975647,7.877427101,19.58556938,11.74122334,11.63828182,7.621951103,492.3392029,544.4788208,203.5145416,232.4695122,217.2256165,15.7548542,35.25402451,31.30992889,31.03541946,34.29878235
Yonge-Bay Corridor,14731,5048.573242,2842.933594,2343.636719,3116.864746,3686.104248,290.6754456,103.9192429,123.3492966,204.038559,312.2666626,1675.208496,1284.144897,1226.237061,1561.333243,1547.75647,910.2730713,1105.997681,812.6541748,865.4049072,733.1477661,15.29870701,0.0,7.255840778,7.035812378,6.788405418,481.9092712,408.2541504,370.0478821,386.9696655,420.881134,30.59741402,14.84560585,0.0,7.035812378,13.57681084,1308.039429,1002.078369,464.3738098,726.3593782,515.9188232,481.9092712,259.7980957,188.6518707,358.826416,346.2086792
Malvern East,28098,784.8952637,602.5617676,513.5438232,463.6785278,516.0509644,144.6811523,151.5424805,155.5097504,161.7483215,227.7742157,7.234057903,10.82446289,25.31554031,3.558972169,21.35383224,54.25543594,50.51416016,72.33011627,57.51051331,117.4460831,0.0,3.608154535,3.616505623,3.594407082,0.0,83.19166565,61.33862686,79.56312561,64.69932556,71.17944336,18.08514404,36.08154297,14.46602249,17.97203636,10.67691612,130.2130432,220.0974274,94.02915192,256.2459962,188.6255188,10.85108662,14.43261814,7.233011246,28.75525665,0.0
Bendale-Glen Andrew,20773,1012.155823,660.0985107,634.6551514,809.9536743,1140.904053,173.6541748,226.6009827,373.9053345,404.9768372,693.2075195,14.88464355,4.92610836,19.67922783,28.88364704,48.13941193,148.8464355,98.52217102,93.47633362,117.1017303,139.6042938,4.961547852,4.92610836,0.0,9.758477211,0.0,173.6541748,93.59606171,241.0705566,263.4789124,264.7667542,14.88464355,34.48275757,24.59903526,34.15467072,4.813941002,248.0773926,216.748764,201.7120972,332.161941,365.8595276,39.69238281,19.70443344,34.43864822,63.4301033,96.27882385
Eglinton East,24231,828.392395,611.6464233,675.5339355,726.1194458,693.3267212,113.5360184,138.2488403,176.2262421,183.6164093,202.2202911,21.02518845,46.08295059,8.39172554,28.88861376,66.0311203,243.8921814,96.35525513,125.875885,162.7509003,218.7280731,8.410075188,8.378718376,12.58758831,4.173099995,4.126945019,121.9460907,87.97653961,67.13380432,104.327507,136.1891785,25.23022652,46.08295059,33.56690216,25.03860092,12.38083458,264.9173584,385.4210205,209.7931366,429.2022616,404.4405823,33.64030075,33.5148735,4.19586277,37.55790329,33.01556015
Downsview,17003,861.9130859,766.6506958,801.3395386,906.0223999,1223.313477,415.8881226,311.4518433,364.7889099,752.0578003,558.7249146,48.21891403,29.94729233,35.88087463,35.28789037,47.05052185,223.0124817,269.5256348,167.4440918,189.494873,435.2173157,12.05472851,11.97891712,0.0,0.0,0.0,120.547287,41.9262085,65.78160858,148.0428772,164.6768188,42.19155121,17.96837616,0.0,23.68685913,17.64394569,433.9702148,455.1988525,328.90802,376.404164,411.6920471,42.19155121,59.89458466,29.90073013,88.82572174,99.98235321
Milliken,28371,344.0366821,303.5497437,228.9967041,238.1460114,313.7006226,304.6158142,253.5533142,286.2458801,366.105072,1050.368286,10.75114632,3.571173429,28.62458801,3.524725953,10.57417774,473.0504456,214.2704163,318.4485474,223.9283447,271.4039001,3.583715677,0.0,3.578073502,3.554418087,0.0,125.4300461,114.2775497,57.24917603,120.8502197,130.414856,3.583715677,3.571173429,21.46844101,14.21767235,10.57417774,304.6158142,299.9785767,239.7309265,292.5522541,313.7006226,78.84174347,42.8540802,28.62458801,42.65301895,84.59342194
East Willowdale,18285,300.3870239,227.9981689,299.8415833,322.688324,262.5102539,173.3002167,131.0989532,254.582489,244.7980347,470.3308716,23.10669518,91.19927216,67.88866425,43.75170905,54.68963623,311.9403992,205.1983643,147.0921021,222.5436707,399.2343445,0.0,0.0,0.0,0.0,0.0,132.8634949,102.5991821,50.91649628,66.76309967,92.97238159,11.55334759,11.39990902,5.657388687,11.12718391,5.468963623,259.9503174,273.5978088,299.8415833,355.482636,410.1722717,51.99006271,22.79981804,28.28694344,72.32669067,76.56549072
Agincourt South-Malvern West,28097,462.1142578,477.2462463,565.0557861,645.8204346,679.7879028,221.5093231,236.7442017,144.9814148,299.193634,452.0055542,11.45737839,18.78922272,37.17472076,21.35459302,42.70918655,381.9126282,304.3854065,163.5687714,193.3812561,238.4596252,0.0,7.515688896,3.717472076,0.0,0.0,106.9355316,67.6411972,70.63197327,120.407196,64.06378174,11.45737839,3.757844448,18.58736038,10.94610882,21.35459328,221.5093231,248.0177307,319.7026062,295.4052034,256.255127,57.28689194,30.06275558,22.30483246,36.48703003,39.15008545
Parkwoods-O'Connor Hills,14788,377.8167725,249.8818054,346.750061,420.5670776,649.1749878,53.97382355,155.3319397,135.980423,250.9835815,371.9231873,13.49345589,13.5071249,20.3970623,0.0,13.52447891,229.3887482,162.085495,115.5833588,122.1001205,236.6783905,0.0,6.75356245,0.0,0.0,0.0,67.46727753,27.0142498,101.9853134,47.48337936,40.57343674,0.0,13.5071249,13.59804153,13.56667995,13.52447891,195.6551056,243.1282501,197.1716003,189.3427103,182.5804749,20.24018288,6.75356245,6.799020767,6.783339977,47.3356781
Kennedy Park,18173,1227.604492,1011.944275,1013.024597,1254.022827,1744.345947,132.7140045,171.4222565,183.6802826,294.085022,247.6201019,16.58925056,22.11899948,50.09462357,44.02135035,44.02135086,226.7197571,176.9519958,194.8124237,244.1460419,225.6094208,5.52974987,0.0,11.13213825,0.0,0.0,160.3627472,149.3032532,155.8499451,166.4632111,181.5880737,11.05949974,5.52974987,11.13213825,16.64632034,38.51868057,387.082489,403.6717529,361.7944946,528.2562043,401.6948242,33.17850113,49.76774979,16.69820786,27.74386787,66.0320282
West Rouge,22396,342.2625732,299.8500671,299.9182129,279.7202759,312.5558167,146.0320282,90.86366272,172.6801758,302.2783813,442.0432129,36.50800705,31.80228043,13.63264561,17.8603322,17.86033249,104.9605255,86.32047272,99.97273254,99.25558472,116.0921631,0.0,4.54318285,4.544215202,0.0,4.465083122,104.9605255,118.122757,31.80950737,63.16264343,98.23182678,13.69050312,9.0863657,27.26529121,13.53485203,13.39524937,182.5400391,240.7886963,140.8706665,254.5097339,209.858902,18.25400352,13.62954903,18.17686081,18.04646873,17.86033249
West Queen West,15136,795.7376099,698.7258301,764.0357666,789.6868286,713.5306396,96.87240601,82.20304108,88.682724,155.2375793,92.49471283,608.9122314,561.7207642,259.2264099,184.9894292,277.4841309,449.76474,431.565979,347.9091492,242.9805603,284.0909119,0.0,6.850253582,0.0,0.0,0.0,76.11402893,54.80202866,88.682724,40.49676132,66.06764984,6.919457436,0.0,6.82174778,0.0,0.0,387.489624,274.0101318,354.730896,251.0570825,204.8097229,41.51674652,47.9517746,40.93048477,40.49676132,33.03382492
Cliffcrest,17922,793.0029297,635.5809937,564.1261597,762.6202393,1021.09137,110.7871704,109.7821655,178.4480743,239.0302277,334.7840576,23.32361603,28.89004517,11.51277924,16.73920321,16.7392025,268.2215881,208.008316,172.6916809,119.5151138,133.91362,5.830904007,0.0,5.756389618,0.0,5.579734325,169.0962067,132.8942108,74.83306122,79.67674255,72.5365448,5.830904007,5.778008938,0.0,22.76478195,22.3189373,623.9066772,508.4647827,420.2164307,435.2192836,273.4069824,17.49271202,52.00207901,17.26916885,28.45597839,11.15946865
Briar Hill-Belgravia,15146,490.0662231,496.1958313,432.4396362,603.288269,587.6138916,125.8278122,244.7899475,186.2816772,357.9952393,244.2889252,19.8675499,86.00727844,6.652917385,33.01201637,33.0120163,324.5033264,304.3334351,259.4637756,172.3680725,250.8913269,0.0,0.0,6.652917385,6.629541397,0.0,178.8079529,52.92755508,93.14083862,92.81357574,145.2528687,26.49006653,6.615944386,0.0,39.77724838,6.602403164,231.7880859,436.6523438,385.8692017,277.3009375,349.9273682,39.73509979,52.92755508,19.95875168,46.40678787,52.81922531
Birchcliffe-Cliffside,23417,904.7619019,630.5878296,615.3846436,685.5812378,892.5139771,112.5541153,86.38189697,130.0108337,198.3442535,303.1985168,21.64502144,60.46732712,47.67063904,25.62241107,25.62241173,246.7532501,198.67836,182.0151672,133.6667786,149.4640656,0.0,0.0,0.0,4.311831474,0.0,138.5281372,90.70098877,60.67172241,64.67747498,55.51522446,8.658008575,0.0,4.333694458,0.0,4.270401955,402.5974121,380.0803223,294.6912231,294.6577273,230.6016998,30.30303001,21.59547424,17.33477783,25.87099075,29.89281273
Humewood-Cedarvale,15620,294.0407715,273.1707458,319.1974487,271.7039795,345.7106323,104.5478287,169.1056976,221.4839478,362.2719727,339.3085938,84.94511414,188.6178894,104.2277374,147.2471191,89.62867737,182.9587097,318.6991882,123.7704391,207.0125427,243.2778473,0.0,0.0,0.0,0.0,0.0,71.87663269,39.02439117,19.54270172,32.34571075,6.402048588,0.0,0.0,0.0,6.46914196,0.0,313.6434937,403.2520447,254.0551147,243.2778489,166.4532623,19.60271835,39.02439117,13.02846718,12.93828392,19.20614624
Fort York-Liberty Village,21860,621.1488647,452.2906189,734.2355347,768.9422607,763.9524536,94.41462708,77.81344604,67.18495178,75.01875305,105.215004,596.3029175,320.9804382,259.1419373,146.3860933,196.7063141,412.4428406,223.7136536,196.7559204,131.2828217,150.9606628,0.0,0.0,0.0,0.0,9.149130821,39.75352859,68.08676147,33.59247589,46.88672256,32.0219574,4.969191074,4.863340378,9.597849846,18.75468826,4.574565411,233.5519714,213.986969,182.3591461,137.2369625,169.2589264,59.63029099,19.45336151,81.58172607,70.33008575,54.89478683
Forest Hill South,12160,241.2337341,221.5028076,152.5423737,275.8505249,353.6184082,172.3098145,323.7348633,635.5932007,685.4467773,773.0263062,68.92392731,195.9447937,177.966095,57.56578947,90.46052551,301.5421753,281.1381836,211.8644104,217.336792,616.7763062,0.0,0.0,0.0,0.0,0.0,155.0788269,42.59669495,16.94915199,0.0,8.223684311,0.0,0.0,0.0,0.0,8.223684311,258.4647217,400.4089355,228.8135529,238.4868421,123.3552628,34.46196365,51.11603165,25.42372894,83.59107208,24.67105293
Yonge-Eglinton,13743,691.5098267,691.7521973,483.7124939,916.4741821,756.7489014,92.2013092,129.2284241,211.6242218,260.7853394,291.057251,122.9350739,288.8635559,105.8121109,101.8700429,116.422905,315.0211182,258.4568481,234.298233,245.883316,240.1222382,7.683442116,0.0,0.0,7.45100975,0.0,92.2013092,68.41505432,30.23203087,29.804039,87.31717682,7.683442116,0.0,0.0,7.45100975,14.55286312,338.0714417,319.2702332,166.2761688,254.6751073,130.975769,69.15097809,53.21170807,15.11601543,44.7060585,109.1464767
Corso Italia-Davenport,14784,628.293457,575.9978027,777.5731812,674.8466187,994.3181763,108.0934982,81.31734467,156.8787994,259.0320435,263.7987061,67.55844116,101.6466751,81.84980774,47.34848485,121.7532501,270.2337646,277.834259,211.4453278,163.5991821,277.3268433,0.0,6.776444912,0.0,0.0,6.76406908,216.1869965,81.31734467,6.820816994,74.98295593,128.5173187,13.51168728,27.10577965,0.0,20.44989777,20.29220772,256.7220764,304.940033,156.8787994,142.0454545,263.7987061,33.77922058,40.65867233,27.28326797,20.44989777,81.16883087
Clairlea-Birchmount,28782,1047.882935,697.8391724,847.8183594,903.3806152,965.8814697,252.2023315,191.2858734,177.3678589,250.5469666,423.8760376,21.31287384,17.71165466,42.5682869,24.32075603,27.79514885,230.8894501,212.539856,202.1993561,271.7199402,204.9892273,3.552145481,3.542330742,7.094714642,3.528830528,0.0,142.0858154,109.8122559,31.92621422,67.0477829,76.43666077,10.65643692,7.084661484,10.64207172,14.11532211,13.89757442,461.7789001,393.1987305,507.2720947,406.504065,319.6442261,53.28218079,21.25398445,53.21035767,52.93245697,34.74393845
Rockcliffe-Smythe,23453,630.2163086,537.473877,596.7714233,745.916748,767.4924316,161.8123016,264.471283,201.786026,261.4995422,319.7885132,21.29109192,4.265665531,47.22651672,29.8469279,51.16616058,183.1033936,157.8296356,150.2661896,141.4669647,225.9838867,4.258218288,8.531331062,4.293319702,0.0,0.0,38.32396698,59.71931839,68.69311523,81.45067596,85.27693939,25.54931068,21.32832909,51.51983643,30.00814438,34.11077499,306.5917358,281.5339355,180.3194275,251.5669637,396.5377502,38.32396698,17.06266212,21.46659851,51.4425354,46.90231705
Dovercourt Village,13837,694.3439941,542.7310181,734.3318481,688.9549561,751.6080322,86.79299927,130.2554474,58.16489792,181.3039398,202.3560028,188.0514984,202.6195831,189.0359192,144.5400014,274.6260071,600.3182373,340.1114502,138.1416321,239.3211975,332.4420166,14.46549988,7.236413479,0.0,0.0,0.0,101.2584991,108.5462036,159.9534607,72.52157593,151.7669983,0.0,0.0,14.54122448,0.0,7.227000237,484.5942383,484.8397217,130.8710175,202.356002,173.447998,21.69824982,21.70923996,14.54122448,29.00863075,21.68099976
Etobicoke City Centre,25495,589.1712646,596.814209,645.8023071,828.3497925,1208.079956,507.4613953,428.6975098,488.4914856,755.6166382,1153.167236,68.80832672,71.44958496,95.21443939,54.91272799,66.67974091,318.2384949,235.3633423,314.6216125,347.5028381,274.5636292,4.30052042,0.0,4.13975811,4.040730476,11.76701355,94.6114502,79.85542297,45.53734207,173.7514191,156.8935089,8.60104084,12.60875034,12.41927433,8.081460953,15.68935108,507.4613953,622.0316772,525.7492676,737.3994901,737.3994751,116.1140518,96.66708374,132.4722595,181.8328705,235.3402557
Bendale South,10881,608.6482544,719.293457,569.2250977,376.7689819,753.6071777,181.6860504,72.83984375,137.7157593,192.9792328,220.5679626,9.084301949,0.0,27.54315186,27.57099531,18.38066292,190.7703552,100.1547852,36.7242012,73.51589966,137.8549805,0.0,0.0,0.0,0.0,0.0,54.5058136,27.31494141,82.62945557,45.94743729,183.8066406,0.0,27.31494141,18.3621006,9.189487457,9.190331459,336.1191711,218.5195313,238.7073059,257.3292896,229.7583008,9.084301949,9.104980469,0.0,9.189487457,18.38066292
Lawrence Park North,15581,238.8483582,277.5447083,246.4651642,206.7183533,205.3783417,116.1965027,148.4541473,298.3525696,523.2557983,519.8639526,148.4733124,109.7269745,123.2325821,70.59880624,38.50843811,148.4733124,122.6360321,129.7185059,187.338501,211.7964172,0.0,0.0,0.0,0.0,0.0,32.27680588,77.45433044,51.8874054,38.75968933,38.50843811,0.0,0.0,0.0,0.0,0.0,361.5002136,296.9082947,175.1199951,179.7060522,211.7964172,25.82144547,6.454527855,6.485925674,19.37984467,44.92651367
Casa Loma,11972,473.3626099,555.7455444,392.9273071,499.3652039,467.7580872,43.0329628,170.9986267,179.3798523,253.9145203,350.818573,163.5252533,205.1983643,153.7541656,50.11693953,75.17540741,292.6241455,307.7975464,298.9664307,152.3487091,392.5827026,0.0,0.0,0.0,0.0,0.0,68.85273743,25.64979553,8.541897774,84.63816833,125.2923508,0.0,0.0,8.541897774,8.463817596,0.0,266.8043823,247.9480133,68.33518219,175.4092883,83.52822876,17.21318436,59.84952164,34.16759109,25.39145088,50.11693954
Steeles,26395,181.6425171,150.2079773,196.8655853,172.6983185,185.6412201,119.8067627,111.6931152,173.7049408,157.3473511,238.6815643,0.0,0.0,0.0,3.788596325,11.36578941,255.072464,96.28717041,65.62186432,126.6454315,102.292099,0.0,0.0,0.0,0.0,0.0,30.91787529,23.10891914,27.02076721,26.86418152,26.52017403,0.0,7.702973366,3.860109568,0.0,3.788596392,154.5893707,80.88121796,108.0830688,155.3324493,87.1377182,19.32367134,3.851486683,7.720219135,15.35096169,3.788596392
Weston,19809,992.7235107,1053.338135,1052.088745,1236.523438,1226.715088,239.0852356,402.7469482,309.4378662,495.6312866,535.1102905,41.58003998,51.63422394,30.94378471,30.28926246,55.5303154,301.4552917,123.9221344,185.6627197,235.0416412,307.9408264,10.39500999,15.4902668,0.0,10.21920204,5.048210621,129.9376373,139.4123993,128.9324341,163.5072327,181.7355804,67.56756592,25.81711197,20.62919044,25.54800415,20.19284248,369.0228577,454.3811646,361.0108337,434.1460952,302.8926392,20.79001999,51.63422394,25.78648758,45.98640823,20.19284248
Keelesdale-Eglinton West,11969,504.8380432,705.8823242,632.2178345,880.2816772,935.7506714,277.6609192,193.2773132,202.3097076,243.125412,284.0671692,16.82793427,42.01680756,16.8591423,25.06475061,16.70983315,151.451416,193.2773132,227.5984192,142.5218048,242.2925873,8.413967133,0.0,25.28871346,0.0,8.354916573,92.55364227,92.43697357,59.00699615,92.21998596,217.2278442,0.0,16.80672264,16.8591423,0.0,8.354916573,244.0050507,260.5042114,286.6054077,292.4220904,192.1630859,75.72570801,33.61344528,8.429571152,0.0,25.06475067
Palmerston-Little Italy,14699,645.2050781,408.0244751,533.078186,579.9276733,523.8451538,88.29122162,108.8065262,75.17769623,163.7442932,95.2445755,325.9983826,442.0265198,191.3614044,217.7018845,224.5050659,346.3732605,326.4195862,218.6987457,245.6164246,238.1114349,0.0,0.0,6.834335804,6.822678566,13.60636806,67.91632843,61.2036705,61.50902176,88.69482422,142.8668671,0.0,0.0,0.0,0.0,13.60636806,441.4561157,346.8208008,150.3553925,244.91462,204.09552,81.49959564,27.20163155,0.0,47.75875092,54.42547226
East L'Amoreaux,23988,393.9367981,443.0056152,336.6286011,325.3750305,346.0063477,55.66498184,59.63537216,80.96131134,190.1542358,220.9438019,8.563843727,4.259669304,8.5222435,12.50625313,29.18125725,171.2768707,97.97239685,59.65570068,101.415596,108.3875275,0.0,0.0,0.0,0.0,0.0,192.6864777,46.8563652,29.82785034,29.57954788,41.68751144,12.84576511,12.77900791,8.5222435,8.451299667,16.67500496,111.3299637,144.8287659,72.43906403,145.9062865,166.7500458,8.563843727,8.519338608,17.044487,46.48214722,25.01250648
Guildwood,10332,293.1118774,360.4832458,351.8373718,360.0272522,542.0054321,29.31118774,107.1706924,127.0523834,87.57419586,222.609375,19.54079056,38.97116089,0.0,19.35733643,19.35733604,97.7039566,29.22837067,68.41281891,58.38279724,87.10801697,9.770395279,0.0,19.54652023,0.0,0.0,68.39276886,29.22837067,39.09304047,58.38279724,9.678668022,0.0,9.742790222,0.0,9.730465889,0.0,273.5710754,331.2548828,322.5175781,503.2907472,280.681366,9.770395279,9.742790222,0.0,19.46093178,38.71467209
Scarborough Village,17713,994.9110718,1027.221313,687.1278076,889.8015137,863.7723999,114.3575974,131.2560577,148.8776855,142.5963898,259.6962585,11.43575954,51.36106873,28.63032532,50.81013945,33.87342453,228.7151947,159.7899933,125.9734344,114.0771179,203.2405548,0.0,5.706785202,0.0,0.0,0.0,160.1006317,97.01535034,85.89097595,51.33470154,135.4936981,34.30727768,17.12035561,17.17819595,5.703855991,11.29114246,320.2012634,513.6106567,355.0160217,287.9241235,400.8355408,11.43575954,39.94749832,34.35639191,45.63084793,22.58228493
West Hill,29259,1525.629883,1164.281494,1139.324097,1319.926758,1514.064087,159.8609924,190.5817871,257.0426331,207.3183441,276.8378906,41.7028656,38.11635971,62.52388,58.10178065,51.26627731,267.5933838,197.5120392,246.6219788,155.4887543,184.5585938,6.950478077,6.93024683,0.0,3.455305576,6.835503578,250.2172089,124.7444458,149.3626099,217.6842499,191.394104,31.27715111,24.2558651,17.36774445,24.18713951,37.59526825,198.088623,443.5357971,489.7703857,505.8272668,498.9917603,13.90095615,31.18611145,13.89419556,44.91897202,68.35503387
Morningside,18463,968.5362549,578.6973877,454.7695923,681.7562256,709.5271606,43.77565002,174.7010956,175.3328552,283.6105957,270.8118896,5.471956253,0.0,0.0,5.416237881,10.83247566,93.02325439,98.26937103,87.66642761,59.99454498,43.32990265,5.471956253,5.459409237,0.0,5.454049587,0.0,98.49520874,43.6752739,27.39575958,92.71884155,16.24871445,16.41586876,43.6752739,16.43745613,38.17834854,21.66495132,186.0465088,147.4040527,115.0621872,595.7861669,265.3956604,21.88782501,10.91881847,5.479151726,16.36214828,16.24871445
Centennial Scarborough,14609,342.2982788,326.7292175,257.2302551,268.8728027,266.9587097,153.6849518,69.51686096,152.9477234,179.2485352,314.8743896,20.95703888,20.85505676,0.0,0.0,0.0,202.5847015,55.61348724,34.76084518,144.7776642,116.3666229,0.0,0.0,0.0,0.0,0.0,6.98567915,20.85505676,41.7130127,0.0,47.91566849,0.0,6.951685905,0.0,0.0,0.0,230.52742,278.0674438,250.2780914,403.8606339,198.5077667,20.95703888,6.951685905,13.90433788,27.5766983,13.69019127
Dorset Park,26286,635.2995605,495.3916931,543.1223755,716.6672974,829.3388062,234.8683167,280.3379517,188.7446594,264.4387512,372.8220215,3.850300312,11.52073765,30.81545448,57.06459712,57.06459808,219.4671173,276.4976807,146.3734131,279.7685242,251.0842285,7.700600624,0.0,11.55579567,0.0,15.21722603,146.3114166,96.00614166,65.48284149,114.9733658,114.1291962,26.95210266,23.0414753,23.11159134,19.16222763,7.608613014,300.3234253,433.9477844,354.3777161,304.344518,369.0177307,30.8024025,19.2012291,15.40772724,30.65956306,91.30335236
Ionview,14121,558.8543701,596.2401733,650.3605347,587.361145,892.2880859,55.8854332,42.08754349,70.69136047,70.7664032,240.7761536,27.9427166,28.05836105,7.069136143,21.24495432,35.40825653,132.7279053,105.2188568,127.2444534,84.91967773,106.2247696,0.0,0.0,0.0,0.0,0.0,83.82815552,14.02918053,28.27654457,28.30656052,28.32660484,6.98567915,7.014590263,0.0,14.15328026,14.16330242,209.5703735,231.4814758,282.7654419,304.511012,226.6128387,13.9713583,0.0,21.20740891,14.15328026,14.16330242
Humber Bay Shores,20822,498.5679321,424.9585266,520.7801514,602.7397461,729.9971313,116.6861115,88.10115814,127.6421967,259.028656,374.6037903,392.4896545,202.1144257,117.4308167,110.4600903,76.8418045,180.3330841,98.46600342,148.0649414,134.495636,177.6966705,5.30391407,0.0,0.0,9.962639809,0.0,53.03914261,41.45936966,30.63412666,39.85055923,43.22351456,10.60782814,5.182421207,5.105687618,14.94396019,4.802612782,100.7743683,145.1077881,102.1137543,316.972433,144.0783844,26.5195713,57.00663376,30.63412666,59.77584076,48.02612686
Caledonia-Fairbank,10581,712.9277344,484.6526794,621.414917,581.2845459,595.4068604,85.55133057,95.02993774,86.04206848,238.231369,311.8797913,0.0,38.01197433,28.68068886,18.90180512,85.05812073,85.55133057,95.02993774,95.60229492,57.17552948,132.3126373,0.0,0.0,0.0,0.0,9.450902939,152.0912476,66.52095032,28.68068886,38.11701965,37.80361176,0.0,19.00598717,19.1204586,0.0,18.90180588,209.125473,180.5568695,191.2045898,226.8216615,94.50902557,19.01140594,19.00598717,47.80114746,19.05850983,18.90180588
Oakwood Village,22404,735.2941284,564.7944946,464.2149048,737.3768921,499.9107361,179.3400269,107.5799026,135.2082214,287.7568359,258.8823547,53.80200958,58.27244568,49.57634735,53.56186395,44.6348877,219.6915283,143.4398651,162.2498627,170.8556213,160.6855927,8.967000961,8.96499157,0.0,0.0,0.0,201.7575378,112.0623932,63.09716797,112.405014,58.02535248,58.28551102,31.37747192,13.52082253,22.48100281,8.926977158,224.1750336,219.6423035,261.4025574,209.7839671,200.8569946,8.967000961,13.44748783,36.05552673,22.48100281,13.39046574
Lawrence Park South,16778,146.4754333,164.1736603,212.9342346,199.3716736,196.686142,164.7848663,182.4151764,377.1977844,579.9903564,715.22229,67.13457489,194.5761871,103.4252014,53.64167362,35.76111603,347.8791504,352.669342,158.179718,211.4548035,345.6907959,0.0,0.0,0.0,0.0,0.0,91.54714966,72.96607208,42.5868454,48.33252716,41.72130203,0.0,0.0,0.0,6.041565895,0.0,329.5697327,304.0252991,164.2635498,232.4472524,131.1240845,48.82514572,72.96607208,12.16767025,30.20783043,35.76111603
Rosedale-Moore Park,23053,579.8013306,660.4489136,668.2407227,947.9299927,1175.552002,152.8158569,232.0496216,325.2105103,476.1694946,620.3096924,310.1263123,325.7619629,231.6567841,312.3237756,195.2023621,453.9529724,441.7867737,285.1160583,299.8104248,438.1208496,0.0,0.0,4.454938412,0.0,4.337830067,98.88085175,98.17484283,124.7382736,88.17953491,104.1079254,0.0,4.462492943,4.454938412,4.408976555,4.337830067,283.158783,227.5871277,151.4678955,195.2023598,199.5401917,62.92417526,44.62492752,35.63950729,57.31669617,99.77009583
Yonge-St.Clair,13953,260.3198242,169.9423676,368.8131714,328.5151062,250.8421173,44.62625504,66.49918365,95.89141846,233.6107483,272.342865,178.5050201,184.7199707,88.51515961,136.1714327,100.3368454,208.2558594,199.4975586,221.2879028,189.8087311,258.0090332,0.0,0.0,0.0,0.0,0.0,14.87541866,29.55519485,36.88131714,51.10235214,14.33383465,0.0,0.0,0.0,0.0,0.0,163.6296082,147.7759705,169.6540527,150.5052677,136.1714325,44.62625504,22.16639519,22.1287899,7.300335884,14.33383465
Weston-Pelham Park,12330,962.5847778,847.1760864,763.2321167,829.5687866,965.1257324,108.8139267,157.807312,132.7360229,238.1930237,170.3162994,75.3327179,49.83388519,16.59200287,24.33090024,56.77210236,200.8872528,249.1694336,190.8080292,114.9897308,308.1914063,8.3703022,0.0,0.0,0.0,0.0,41.85150909,33.2225914,49.77600861,90.34907532,48.66180038,25.1109066,33.2225914,33.18400574,32.8542099,32.44120026,200.8872528,299.0033264,141.0320282,137.8751014,129.764801,25.1109066,24.9169426,8.296001434,24.64065742,32.44120026
South Eglinton-Davisville,21987,345.8668823,396.8446045,577.4553833,597.6281738,459.3623657,39.52764511,72.59352112,71.58538055,46.68970108,95.51098633,207.5201416,454.9194336,162.2601929,81.86655751,168.28125,410.0993042,338.7697754,209.9837799,121.393219,195.5701141,4.940955639,4.839568138,4.772358418,0.0,0.0,24.70477867,77.43309021,52.49594498,74.70352173,13.64442635,4.940955639,4.839568138,0.0,4.668970108,0.0,118.5829315,208.1014404,104.99189,195.5701096,181.9256897,14.82286644,24.19784164,28.63415146,14.00691032,36.38513565
Junction Area,15252,621.8656006,686.3006592,768.203064,750.8804321,891.6863403,207.2885284,233.2089539,167.0006714,299.0231934,301.5997925,147.1079865,139.9253693,100.2004013,65.56517178,104.904274,280.8425293,339.8187561,300.6011963,372.1177368,445.8431702,0.0,0.0,0.0,0.0,0.0,100.3009033,79.95735931,60.12023926,152.8340759,124.5738297,13.37345409,0.0,0.0,0.0,6.556517124,354.3965149,346.4818726,240.480957,281.9302387,262.2606812,60.18054199,39.97867966,33.40013504,86.38447571,59.00865555
Oakridge,15389,1112.68457,1055.514771,1258.657471,1225.054321,1397.101807,60.6918869,140.2899323,133.1912689,151.4852142,142.959259,67.43543243,40.08283615,53.27650452,45.48703619,19.49444389,337.1771545,240.4970245,186.4677734,230.5209808,188.4462891,0.0,6.680472851,0.0,0.0,0.0,222.5369263,173.6922913,146.5103912,72.44944763,129.9629669,13.4870863,53.44378281,19.97868919,6.586313725,19.49444389,337.1771545,320.6626892,439.5311584,402.8851777,350.8999939,40.46125793,26.7218914,33.29781723,46.10419464,25.99259186
Tam O'Shanter-Sullivan,29770,392.4133301,462.2812805,407.6738586,400.7743835,456.8357544,86.05555725,133.5479279,198.6981812,271.7114563,335.9086304,20.65333366,44.51597595,23.98081589,30.23177696,53.7453804,230.628891,184.9125061,51.38746262,118.8737564,144.4407196,6.884444714,3.424305677,0.0,3.396393061,0.0,99.82444763,61.63750458,44.53580093,108.6845779,70.54080963,10.32666683,6.848611355,17.12915421,3.396393061,10.07725906,206.5333405,195.1854248,198.6981812,335.9086329,235.1360474,10.32666683,10.27291679,17.12915421,16.98196602,16.79543114
Lambton Baby Point,8294,310.893219,371.4799194,410.8761292,652.4102783,373.7641602,119.5743179,131.8154602,132.9305115,289.960144,241.1381683,119.5743179,119.8322372,72.5075531,72.34145165,12.05690861,179.3614807,155.7819061,72.5075531,132.8983917,180.8536224,0.0,0.0,0.0,0.0,0.0,47.82972717,11.98322392,0.0,12.08167171,60.28454208,35.87229538,0.0,0.0,12.08167171,12.05690861,203.2763367,191.7315826,84.59214783,72.34145165,96.45526886,11.95743179,23.96644783,12.08459187,12.08167171,24.11381721
Bay-Cloverhill,19055,958.671875,573.7006836,817.256897,647.5985107,745.2112427,75.99228668,51.12184143,122.3105545,75.55315399,89.21543121,409.189209,335.1320496,322.4551086,356.8617161,293.8861084,479.3359375,448.736145,211.2636871,232.0561218,320.125946,5.845560074,0.0,0.0,0.0,0.0,210.4401703,107.9238815,127.8701248,102.5364304,104.9593277,0.0,0.0,0.0,5.396654129,5.24796629,192.9034882,198.8071594,111.1914139,136.4471267,209.9186554,58.45560455,39.76143265,55.59570694,48.56988525,68.22356415
Avondale,16149,301.8174744,278.2991333,360.2676392,234.1772156,309.6166992,98.41873932,213.5784149,218.7339172,120.2531662,154.8083496,85.29624176,239.4667053,128.6670074,179.5776828,55.73100662,85.29624176,84.13694763,109.3669586,50.63291168,117.6543427,0.0,6.472073078,0.0,6.32911396,0.0,32.80624771,58.24865723,51.4668045,25.31645584,37.15400314,0.0,6.472073078,0.0,0.0,6.192333698,144.3474884,232.9946289,173.70047,247.6933556,396.3093567,26.24499702,19.41621971,32.16675186,56.96202469,30.96166992
Yonge-Doris,23234,357.5211792,281.0839233,338.3425598,361.718811,447.619873,128.0014191,96.62260437,171.3683167,191.7545471,202.2897491,52.9661026,114.1903458,61.51683044,120.5130412,73.16863251,97.10452271,118.582283,83.48712921,74.08699036,68.86459351,0.0,0.0,0.0,0.0,4.304037094,83.86299133,52.70323563,127.4277191,30.50640678,60.25651932,0.0,0.0,0.0,0.0,0.0,331.038147,386.4904175,355.9187927,314.1947146,615.4772949,66.20762634,43.91936493,39.54653168,61.01281357,77.47267151
L'Amoreaux West,24374,454.6033936,345.8018799,425.173645,396.0478516,484.1224365,110.4643784,84.34191895,75.77352142,120.898819,258.4721375,25.49177933,21.08547974,29.46747971,12.30819726,32.82185745,195.4369659,105.4274063,71.56388092,70.87171936,110.7737732,0.0,12.65128803,0.0,4.168924809,4.102732182,84.97259521,67.47354126,33.67712021,41.68924713,77.95191956,25.49177933,33.73677063,12.62892056,16.67569923,4.102732182,135.9561615,164.4667511,155.7566833,201.0338886,192.8284302,0.0,12.65128803,12.62892056,20.84462357,4.102732182
Malvern West,19412,622.2872925,375.4693298,465.5542297,442.2706604,479.0851135,198.7135925,125.1564484,115.0808182,286.1751404,283.329895,26.14652443,20.85940742,5.230946064,15.45435813,10.30290508,151.6498413,57.36336899,73.23324585,41.62547302,82.42324066,5.22930479,0.0,10.46189213,0.0,0.0,130.7326202,36.50396347,104.618927,67.64139557,72.12033844,41.83443832,26.0742588,31.38567734,10.40636826,15.4543581,235.3187256,161.6604156,125.5427094,164.8464867,242.1182709,31.3758297,10.42970371,10.46189213,15.60955334,10.30290508
Morningside Heights,28167,410.9090881,297.1983643,312.2617188,364.134552,422.4801941,207.2727203,155.8479156,275.9522095,461.4774475,543.1888428,3.636363745,0.0,14.52380085,7.100507686,3.550253868,130.9090881,68.86303711,90.77375793,86.52702332,117.1583786,0.0,0.0,7.261900425,0.0,0.0,43.63636398,65.23866272,43.5714035,97.34290314,81.65583801,10.909091,14.49748135,10.89285088,7.210585117,28.40203094,170.9090881,275.4521484,203.3332062,195.2639614,248.5177765,32.72727203,25.37059212,25.41665077,50.47409439,56.80406189
Woburn North,29500,726.5430298,623.2352905,614.725769,627.3568726,630.5084839,138.3891449,216.9272156,193.3968811,366.8152161,349.1525574,13.83891487,0.0,13.81406307,30.50847458,44.0677948,207.583725,86.08222198,96.69844055,119.98629,149.1525421,0.0,3.443289042,0.0,6.856359482,6.779661179,65.73484802,89.5255127,34.53515625,78.84812927,74.57627106,6.919457436,6.886578083,24.17461014,23.99725723,13.55932236,342.5131531,275.4631348,269.3742371,352.5423729,311.8644104,13.83891487,44.76275635,27.62812614,41.13815689,30.50847435
Golfdale-Cedarbrae-Woburn,28651,806.0202026,596.3579712,656.9135742,698.3880615,673.6239624,74.89568329,131.340744,177.5442047,264.5409241,272.2418213,7.132922173,10.64924908,7.101768494,6.980559143,27.9222374,142.6584473,141.9899902,95.87387085,102.2891617,83.76670837,0.0,3.549749851,7.101768494,3.527212381,3.490279675,167.6236725,99.39299011,74.56856537,56.4353981,111.6889496,39.23107147,42.59699631,46.16149521,24.69048691,10.47083855,221.120575,227.1839905,216.6039276,366.479355,265.261261,14.26584435,14.1989994,17.75442123,24.69048691,31.41251564
Highland Creek,13871,468.3666687,244.227356,310.4212952,439.335144,461.3942871,200.7285767,111.0124359,221.7294922,322.1791077,432.5571289,22.30317497,0.0,0.0,21.62785668,21.62785721,245.3349152,103.6116028,36.95491409,102.5115356,100.9300003,7.434391499,0.0,7.390983105,0.0,0.0,104.0814819,14.80165768,14.78196621,14.64450455,21.62785721,0.0,0.0,0.0,0.0,21.62785721,327.1132202,340.4381409,177.3835907,252.3249946,158.6042786,7.434391499,14.80165768,7.390983105,14.64450455,14.41857147
Agincourt North,31260,263.0211792,239.4899445,200.9659271,251.4344635,262.3160706,136.3813477,203.8900909,168.5520782,157.9524231,380.6781921,3.247174978,3.236350775,6.482771873,0.0,12.79590511,181.8417969,55.01796341,58.34494781,77.36444855,140.7549591,0.0,0.0,0.0,0.0,0.0,120.1454697,55.01796341,22.68970299,35.4587059,47.98464584,6.494349957,6.47270155,0.0,3.223518848,3.198976278,224.055069,194.1810455,103.72435,143.9539347,95.96929169,9.741524696,16.18175316,6.482771873,9.670556068,15.99488163
Downtown Yonge East,18023,4050.698975,3184.354004,3633.606201,3168.952393,3639.793701,280.9355774,156.7103424,272.9754333,250.948349,249.6809692,1123.74231,639.3781738,1000.909912,982.0784553,1137.435547,1182.542847,902.6515503,976.6454468,641.9608765,654.7189941,0.0,6.268413544,0.0,0.0,11.09693146,751.3393555,539.0835571,582.3475952,443.5366211,499.3619385,32.66692734,25.07365417,42.46284485,17.50802422,27.74232864,1659.47998,1203.5354,715.8022461,449.4257338,626.9766235,130.6677094,150.441925,157.7191315,110.8841553,138.7116394
Church-Wellesley,22938,1687.641602,1438.443115,1841.425171,1730.725952,1456.098999,81.97116852,37.60635376,152.2983246,71.92627716,161.3043823,578.6199951,512.3865967,452.2798462,374.9237074,444.6769409,617.1946411,460.6778564,401.5137634,328.1636353,331.3279419,4.821833134,0.0,0.0,4.495392323,4.359578133,231.447998,267.945282,189.2191315,193.3018646,239.7767944,4.821833134,4.70079422,9.230200768,8.990784645,4.359578133,443.6086731,300.8508301,249.2154388,231.0576336,340.0470886,101.2584991,89.31509399,96.91711426,89.90784454,113.3490295
St Lawrence-East Bayfront-The Islands,31003,1025.268188,977.668396,1252.65979,1336.73877,1435.344971,69.07834625,45.71830368,106.3902817,129.3618164,138.6962585,530.812561,453.6662598,453.0166931,399.9612941,341.9024048,378.1130676,344.6456909,514.791687,424.572113,312.8729553,0.0,0.0,0.0,6.633939266,0.0,116.3424835,158.2556763,147.5736084,112.7769699,135.4707642,0.0,14.0671711,6.863889217,16.5848484,9.676483154,447.1914063,562.6868286,264.2597351,325.774925,358.0298767,101.799675,63.30226898,78.9347229,76.29029846,99.99032593
Harbourfront-CityPlace,31477,633.7786865,752.3342285,938.7335205,863.4681396,860.946106,47.96163177,70.53133392,89.5611496,87.64526367,108.0153732,441.9321594,258.6148987,308.4884033,295.4538234,279.5692139,280.9181213,251.8976288,179.1222992,188.2750092,244.6230621,0.0,6.717269897,0.0,0.0,3.176922798,68.51661682,53.73815918,76.29283142,107.1219864,69.89230347,6.851661682,16.79317474,19.90247726,9.738362312,9.530768394,137.0332336,167.9317474,169.1710663,190.61537,285.9230652,68.51661682,47.02088928,29.8537159,48.69181442,47.65384293
Wellington Place,28870,1810.899536,1280.0,1424.772095,1698.742065,1485.971558,140.6110229,160.0,182.3708191,261.6206055,245.9300385,613.5753784,468.0,402.7355652,398.3373744,277.104248,664.706604,720.0,566.109436,458.7320251,488.3962708,4.260940075,4.0,3.799391985,7.167687893,3.463803291,217.3079376,96.0,98.78419495,225.7821808,159.3349457,34.0875206,8.0,22.79635239,28.67075157,20.78281975,468.7033997,580.0,402.7355652,273.6404572,318.6698914,123.5672607,100.0,79.78723145,78.84456635,110.8417053
Mimico-Queensway,18313,1273.039185,1130.722534,1480.744751,1885.029663,2834.052246,226.933075,187.5344696,176.8053436,346.22995,376.7815247,127.3039246,49.64147949,99.45301056,136.515044,27.30300903,254.6078491,187.5344696,138.1291809,258.2985229,185.6604614,0.0,5.515719891,0.0,0.0,5.460601807,38.74467087,16.54715919,44.20133591,87.93141174,43.68481445,5.534953117,5.515719891,11.05033398,5.495713234,10.92120361,404.0515747,259.2388306,193.3808441,349.4785125,294.8724976,77.48934174,44.12575912,38.67617035,60.45284653,136.5150452
Islington,25937,310.3962708,299.808136,223.1342316,378.3400269,528.2029419,229.7738495,199.8720856,231.1033173,370.4579468,655.4343262,28.2178421,51.96673965,31.87631989,15.42198404,30.84396744,205.5871277,171.8899841,175.3197632,208.8752289,223.6187744,0.0,0.0,0.0,0.0,0.0,60.4668045,63.95906448,39.84539795,102.4670944,46.26595306,8.062240601,3.99744153,3.984539986,0.0,0.0,294.2717896,283.8183594,151.4125214,285.3067047,181.208313,36.2800827,31.97953224,23.90723991,31.52833557,50.12144852
Forest Hill North,13172,301.023468,301.5908813,303.7897644,341.5559692,478.287262,203.1908417,316.6704407,265.81604,288.4250488,402.3686523,150.511734,180.9545288,37.97372055,15.18372305,22.77558517,285.9723206,339.2897644,91.13693237,106.2618561,349.2256165,0.0,0.0,0.0,0.0,0.0,142.9861603,120.6363602,15.18948841,53.13092804,68.32675171,7.525587082,0.0,7.594744205,0.0,0.0,240.8187866,429.7670288,288.6002808,75.91861524,265.7151489,22.57676125,52.77840424,15.18948841,45.54079819,22.77558517
Mount Pleasant East,18084,324.2940979,234.4796753,263.3790894,301.1040344,425.790741,95.05171967,106.0741425,212.944809,351.2880554,315.1957397,106.2342758,200.9825745,128.8876495,66.35700066,71.88674927,279.5638733,206.5654297,184.9257507,156.1280212,110.5950012,0.0,0.0,0.0,0.0,0.0,72.68660736,83.74274445,50.43429565,22.30400276,44.23799896,5.591277599,0.0,0.0,5.57600069,0.0,307.5202637,295.8910217,145.6990814,243.3090024,127.1842499,16.77383232,22.33139801,16.81143188,33.4560051,27.64875031
Annex,34502,882.7199097,795.6256104,924.6585693,1092.029663,1147.759521,84.21709442,119.8046265,118.6239624,197.4629059,234.7689972,446.0386658,503.7938232,358.9135132,223.1754681,234.7689972,661.2601318,626.6703491,477.5374756,415.8688354,399.9768066,3.119151592,0.0,0.0,0.0,0.0,102.9319992,122.8765411,142.957077,128.6500702,194.1916351,6.238303185,0.0,3.041640043,5.983724117,0.0,539.6132202,408.5644836,243.3312073,324.6188627,310.1269531,127.8852158,95.22931671,103.4157639,110.6988983,182.598114
Wychwood,14609,483.3963928,585.0804443,417.3912964,587.6659546,609.213501,63.05170059,181.0963287,90.43478394,228.1526489,177.9724884,161.1321259,146.2701111,90.43478394,109.5215278,88.9862442,343.2814941,313.4359436,229.5652161,193.5840759,280.6489258,7.005744934,6.96524334,0.0,0.0,0.0,84.06893921,132.3396301,34.78260803,41.4822998,171.1273804,7.005744934,13.93048668,6.956521511,6.913716793,41.0705719,273.2240295,236.8182831,90.43478394,171.1273872,150.5921021,7.005744934,6.96524334,13.91304302,62.22344971,6.845095634
Wexford/Maryvale,29870,821.7038574,552.0371094,719.0584106,705.0806274,870.4385376,329.3606262,298.0323181,312.04422,438.5668945,679.6116333,20.37282181,37.25403976,33.91785049,33.47840643,90.39170074,292.0104675,270.9384766,237.4249573,253.0193634,257.7837219,3.395470381,3.386730671,3.391785145,3.373591423,0.0,105.2595825,98.2151947,94.96998596,131.5700684,103.7830582,10.1864109,10.16019249,13.56714058,16.86795807,13.39136219,298.8013916,447.0484619,461.2827759,468.69769,395.0451965,47.53658676,37.25403976,50.87677765,74.21901703,63.60897064
Mount Dennis,14256,650.3605347,508.1516113,693.8052979,838.9735107,855.7800293,162.5901337,169.3838654,184.0708008,274.9577026,385.8024597,14.13827229,7.057661057,42.47787476,28.05836139,21.04377174,98.96790314,155.2685394,106.1946869,169.2047424,217.452301,21.20740891,7.057661057,7.079646111,0.0,0.0,113.1061783,134.0955658,77.87610626,49.35138321,63.13131332,28.27654457,7.057661057,14.15929222,14.1003952,14.02918053,205.0049438,289.3641052,233.6283112,266.5544332,224.4668884,35.34568024,21.17298317,21.23893738,35.25098801,49.10213089
Beechborough-Greenbrook,7057,974.2620239,679.6818237,824.1758423,1005.313782,1161.966797,189.0359192,216.9197388,260.2660522,301.5941467,325.9175415,14.54122448,0.0,0.0,0.0,42.51098251,159.9534607,101.2292099,101.2145767,186.7011414,340.0878601,0.0,0.0,28.9184494,0.0,14.17032719,174.4946899,57.84526443,187.9699249,28.72325134,170.0439301,72.70612335,14.46131611,72.29612732,28.72325134,70.85163879,101.7885742,303.6876221,187.9699249,340.087856,170.0439301,29.08244896,28.92263222,0.0,28.72325134,99.19229126
Playter Estates-Danforth,7764,941.4758301,905.0350342,681.4091187,1222.651245,1365.275635,114.5038147,76.48183441,77.14065552,218.7902222,412.1586914,139.9491119,407.9031372,334.2761536,347.7588872,141.6795502,445.2926331,637.3486328,527.1278076,398.9703979,321.9989624,0.0,0.0,0.0,0.0,0.0,127.2264633,89.22880554,154.281311,180.1801758,231.8392639,25.44529343,12.74697304,12.85677528,12.87001324,25.75991821,839.6946411,382.4091797,424.2735901,528.0783101,334.8789368,76.33587646,89.22880554,12.85677528,51.48005295,0.0
Danforth,10173,816.607605,590.609314,821.9449463,1136.700562,1297.552368,78.70916748,68.90441895,217.8649292,217.4557648,245.7485504,275.4820862,383.8960571,643.6918335,304.7282021,127.7892456,393.5458374,393.7395325,505.0505066,563.4081421,226.0886688,0.0,9.843488693,0.0,0.0,0.0,196.7729187,157.4958191,118.8354111,217.4557648,206.4287872,9.838645935,9.843488693,0.0,19.76870537,19.6598835,570.6414795,580.7658081,495.1475525,393.1976801,275.2383728,39.35458374,19.68697739,49.51475525,29.65305901,49.14971161
East End-Danforth,23011,811.8539429,636.0424194,809.0900879,944.1834106,947.3729858,88.727211,123.6749115,172.4290314,180.0535736,217.287384,137.5271759,216.4310913,185.6928101,195.5586459,117.3351898,275.0543518,269.4346313,296.2242432,303.0169983,191.2128906,0.0,0.0,8.842514992,0.0,8.691494942,119.7817307,114.8409882,123.7952042,101.0056686,73.87770844,8.872720718,8.833922386,8.842514992,8.783101082,4.345747471,297.236145,485.8657227,366.9643555,360.6970579,278.1278381,39.92724228,22.08480644,35.37005997,52.6986084,30.42023468
Taylor-Massey,16157,703.8374634,686.9058838,717.644165,711.5895996,891.2545776,67.32357788,85.86323547,123.7317505,92.81604004,173.2994995,24.48130226,104.2624969,105.1719894,68.08194591,99.02828217,385.5805054,190.1257324,98.98539734,154.6934052,111.4068222,6.120325565,0.0,0.0,6.187736034,0.0,79.56423187,165.5933838,61.86587524,61.87735748,173.2994995,12.24065113,18.39926338,12.37317467,18.56320763,6.189267635,287.655304,343.4529419,334.0757141,358.977533,204.2458344,18.36097717,49.0647049,61.86587524,24.75094414,18.56780434
High Park North,24474,383.6424866,372.4628601,397.0575867,533.8961792,764.0761719,105.3962936,75.32956696,91.95018005,148.9942932,167.5247192,210.7925873,242.7286072,121.2070541,134.8369698,114.4071274,286.6779175,133.9192352,158.8230438,132.4393616,220.6423187,0.0,0.0,0.0,4.138730049,4.085968971,46.37436676,71.14459229,41.79553604,57.9422226,98.06324768,0.0,0.0,0.0,0.0,0.0,189.7133179,192.5088959,112.8479462,216.5563455,106.2351913,21.07925797,16.7399044,20.89776802,24.8323822,16.34387589
Dufferin Grove,12709,722.7384644,682.3230591,708.0350342,681.4039917,1164.529053,47.6530838,142.8118134,159.1089935,79.2330246,141.6319122,357.3981323,293.5575867,222.7525787,291.1322685,456.3695068,349.4559631,444.3034058,230.7080383,213.9291687,283.2638245,0.0,7.933989048,0.0,0.0,0.0,254.1497955,158.6797791,31.82179832,150.5427399,228.1847534,0.0,23.80196762,15.91089916,15.8466053,7.868439674,357.3981323,372.8974915,190.9307861,196.7109922,306.8691406,63.53744888,31.73595619,23.86634827,47.539814,62.9475174
Don Valley Village,29424,517.4329834,342.4776001,415.5844116,402.3522034,564.1652832,72.92679596,124.5373077,117.7489166,237.2846375,547.1723633,13.8908186,20.75621796,58.87445831,13.59434475,23.79010391,118.0719528,103.7810898,107.3593063,106.6061401,152.9363708,0.0,6.918739319,0.0,0.0,6.797172546,118.0719528,79.56550598,62.33766174,99.72832489,101.9575882,10.41811371,0.0,6.92640686,6.877815723,16.99293137,239.6166077,190.2653351,218.1818237,278.6840674,353.4529724,48.6178627,20.75621796,38.09523773,37.82798767,47.58020782
Victoria Village,18592,666.3389893,620.2056274,528.5527344,660.9241943,785.2839966,81.92691803,92.48680878,217.9598999,189.6094055,290.4475098,5.461794853,5.4404006,16.34699249,26.89328744,10.75731468,322.2458801,184.9736176,119.8779449,205.8616333,139.8450928,5.461794853,0.0,0.0,0.0,0.0,71.00333405,59.84440613,49.04097748,54.17411423,86.05851746,38.23256302,38.08280182,16.34699249,16.25223541,21.51462936,207.5482025,223.0564117,348.7358398,311.9621343,295.8261719,21.84717941,27.20200157,27.24498749,16.25223541,59.16523361
St.Andrew-Windfields,20205,328.2617798,247.8314819,257.4267578,294.9252625,287.0576477,208.4201813,160.0578308,329.5062561,432.2180481,673.100708,20.84201813,82.61048889,72.07949066,39.59415986,54.44197083,437.682373,258.1577759,169.9016571,264.415741,445.4342957,0.0,0.0,0.0,0.0,4.949269772,57.31554794,46.46840286,10.2970705,40.67934418,74.23905182,10.42100906,5.163155556,0.0,0.0,0.0,260.5252075,309.7893372,319.209198,257.3620391,168.275177,36.47352982,20.65262222,36.03974533,61.01901627,59.39123917
Bedford Park-Nortown,25583,239.1568756,209.3229218,176.7849274,167.0445099,203.2599792,255.3708954,326.0606995,421.8731079,664.2007446,895.1256714,81.07012939,32.20352554,12.05351734,23.45307431,27.3619194,364.8155518,253.6027679,120.5351791,254.5440063,476.8791809,0.0,0.0,0.0,0.0,0.0,56.74908829,72.45793152,40.1783905,47.72700119,46.906147,8.107012749,4.025440693,8.035678864,0.0,0.0,482.3672485,446.8239136,200.8919678,207.168823,277.5280457,72.96311188,40.25440598,16.07135773,31.81800079,50.81499481
Bathurst Manor,17255,339.9129333,355.9985657,326.1385193,341.3170166,509.9971008,149.0846252,272.932251,260.9108276,464.8973083,440.4520569,35.78030777,71.19971466,29.6489563,40.56795132,28.977108,131.1944733,160.1993561,106.7362442,141.2346191,243.4077148,0.0,0.0,0.0,0.0,5.7954216,89.45077515,41.53316879,53.3681221,100.0411911,92.72674561,0.0,5.933309555,5.929791451,5.884776115,0.0,190.8283081,338.1986389,207.5426941,544.769632,324.5436096,29.81692314,41.53316879,5.929791451,35.30865479,23.1816864
Brookhaven-Amesbury,18738,560.1195068,501.6543884,740.62146,851.5424194,885.9003296,197.3754425,298.8579407,262.9743042,364.1816711,394.9194031,21.3378849,5.336749077,37.56775665,21.34699541,26.68374443,266.7235718,176.1127167,134.1705627,107.1122513,208.1332092,0.0,0.0,16.10046768,10.71122551,0.0,122.6928406,85.38798523,80.50233459,64.26734924,160.1024628,42.67576981,5.336749077,26.83411217,26.77806282,0.0,272.0580444,325.541687,252.2406464,266.8374426,288.1844482,64.01365662,53.36748886,26.83411217,42.84490204,48.03073883
Rustic,10404,618.8956299,579.4862061,601.3579102,705.5866699,855.4401855,367.4692993,212.4782715,155.1891327,338.2949829,326.7973938,19.34048843,48.2905159,0.0,9.611687812,0.0,135.3834229,144.8715515,67.89524841,96.65571594,182.6220703,9.670244217,0.0,19.39864159,0.0,0.0,29.01073456,77.26482391,58.19592667,38.66228485,19.22337532,67.69171143,57.94861984,67.89524841,9.665571213,28.83506393,251.4263611,338.0335999,126.0911713,240.2921953,134.5636292,9.670244217,38.63241196,0.0,48.32785797,19.22337532
Broadview North,12200,566.0377197,508.5718994,453.4212646,493.7052612,663.9344482,24.6103363,57.41940689,90.68425751,123.4263153,139.3442688,106.6447906,287.0970459,82.44023132,196.7213115,90.1639328,205.0861359,205.0693207,148.3924103,139.8831635,180.3278656,0.0,0.0,8.244023323,8.228421211,0.0,41.01722717,24.60831833,82.44023132,16.45684242,24.59016418,0.0,0.0,8.244023323,16.45684242,0.0,213.2895813,262.4887085,181.368515,270.4918033,229.508194,8.203445435,49.21663666,8.244023323,24.68526268,24.59016418
Leaside-Bennington,18185,174.1181793,162.0473785,279.7672424,183.1298523,208.9634247,174.1181793,240.2771606,481.199646,438.4017639,615.8922119,146.0345917,268.2163696,156.6696472,54.99037668,65.9884491,252.7521973,223.5136414,218.2184448,227.5249786,269.4528503,0.0,0.0,0.0,0.0,0.0,11.23343086,44.70272827,16.78603363,22.19755745,27.49518776,0.0,0.0,5.595344543,5.549389362,0.0,258.3688965,240.2771606,223.8137817,340.9403354,296.9480286,39.31700897,33.5270462,16.78603363,16.64816856,49.49134064
Henry Farm,22782,442.0230408,427.6445007,469.3055115,435.4531555,469.6690369,118.2154617,103.2245407,156.4351807,140.6150818,294.0918274,30.83881569,58.98545074,90.06873322,30.72601176,35.11544037,200.452301,162.2099915,113.7710342,163.2949219,109.7357559,0.0,0.0,0.0,0.0,4.389430046,35.97861862,29.49272537,37.92367935,54.43164444,57.06259155,20.55920982,14.74636269,0.0,9.071940422,0.0,431.7434082,196.6181641,474.04599,364.3227109,390.6593018,66.81743622,29.49272537,28.44275856,45.35970306,43.89430237
Bayview Woods-Steeles,13641,349.0012512,244.4263458,200.4603119,295.7267456,439.8504639,155.9367371,118.5097427,200.4603119,103.504364,249.2485962,14.85111713,22.22057533,7.42445612,0.0,21.99252319,155.9367371,244.4263458,74.24456024,73.9316864,197.9327087,7.425558567,0.0,0.0,0.0,0.0,44.55335236,14.81371784,14.84891224,14.78633785,51.31588745,22.27667618,7.406858921,0.0,0.0,0.0,163.3622894,244.4263458,200.4603119,139.2859761,241.9177551,14.85111713,14.81371784,14.84891224,29.5726757,7.330841064
Hillcrest Village,18076,380.4195862,279.6264343,247.4690704,229.3963013,376.1894226,151.0489502,128.6281586,224.9718781,89.52050781,403.8504028,50.34965134,0.0,22.49718857,0.0,11.06439495,195.8041992,100.6655121,112.485939,173.4459839,221.2879028,5.594405651,0.0,5.624297142,0.0,0.0,95.10489655,78.2953949,50.61867142,179.0410156,71.91856384,11.1888113,0.0,5.624297142,5.595031738,5.532197475,257.3426514,167.7758484,314.9606323,243.4166851,232.3522949,33.56643295,44.74022675,22.49718857,27.97515869,44.2575798
Long Branch,11601,531.435791,622.6096191,838.8521118,783.0172119,827.5148926,99.08124542,213.466156,362.0309143,287.1063232,318.9380188,99.08124542,71.15538788,97.13024139,258.5983967,137.9191437,261.2142029,302.4104004,132.4503326,287.1063232,232.7385559,0.0,0.0,8.830021858,0.0,0.0,270.2215881,142.3107758,8.830021858,60.90134048,60.33962631,0.0,0.0,26.49006653,0.0,0.0,396.3249817,373.5657654,344.3708496,258.5983967,163.7789917,9.007386208,35.57769394,26.49006653,43.50095749,17.23989296
Kensington-Chinatown,21229,1935.287231,1969.606079,1879.141479,1849.963623,2270.479004,218.4182434,284.9430237,123.6277313,174.7997131,235.5268707,604.4597778,494.9010315,529.126709,419.237835,645.3436279,1412.099365,869.8260498,479.6755981,504.9769287,683.0279541,0.0,4.999000072,9.890218735,4.855547428,4.710537434,238.7362213,214.957016,123.6277313,203.9329987,216.6847229,20.317976,29.99400139,44.50598526,24.27773666,23.55268669,1777.822876,954.809021,450.0049438,452.2115973,489.8959045,182.8617859,129.973999,103.8472977,101.9664993,136.6055908
North St.James Town,20492,1140.798584,1152.737793,1297.410156,1088.777222,1346.867065,100.0700455,134.1548309,99.41840363,73.89890289,48.79953003,270.1891174,248.4348602,134.2148438,175.6783135,200.0780792,350.2451782,303.0905151,223.6914063,182.2839661,195.1981201,0.0,0.0,0.0,4.926593781,0.0,170.1190796,173.9044037,79.53472137,113.3116531,141.5186462,10.00700474,4.968697071,14.91276073,19.70637512,4.879953384,495.3467407,377.6210022,183.9240417,312.3170018,273.2773743,75.05253601,44.71827316,14.91276073,24.6329689,43.91957855
Moss Park,22207,3103.248291,3582.768555,2980.5354,2516.531982,2823.434082,207.8499603,194.3035889,233.9509583,270.9404907,193.6326447,522.041748,507.0849609,444.5068359,405.2776152,445.8053894,1121.423096,957.3005981,720.5689697,587.8031006,652.9472656,14.50115967,9.478223801,4.679019451,13.77663517,31.52159309,676.7208252,644.5192261,411.7536926,303.085968,252.1727448,9.667440414,18.9564476,14.03705788,45.92211533,13.5092535,1063.418457,791.4317017,594.2354736,409.7806998,486.3331299,120.8430023,71.08667755,74.86431122,73.47538757,112.5771179
Regent Park,14166,1367.684448,1109.399048,1346.97876,926.0609741,1129.464966,182.8880463,84.74576569,67.72518921,80.21000671,84.70986938,357.8244324,231.1248016,105.3502884,105.8873359,190.5971985,516.8574829,215.7164917,240.8006592,182.2954712,282.3662415,7.951653957,7.704160213,7.525020599,0.0,0.0,135.1781158,100.1540833,120.4003296,80.21000671,141.1831207,47.70992279,53.92912292,15.0500412,21.87545586,14.11831188,469.147583,323.5747375,165.5504608,190.5972046,240.0112915,47.70992279,30.81664085,45.1501236,36.45909119,56.47324753
South Riverdale,30135,872.7966919,738.7075806,779.3704224,1014.784973,1124.937744,129.5557556,132.1541138,162.6512146,258.7365723,268.7904358,245.4740753,379.5195007,318.5252991,172.5568276,282.0640564,450.0357971,484.5650635,457.456543,342.7419434,321.8848572,0.0,0.0,6.777133942,3.360214949,3.318400621,122.7370377,118.5998459,101.6570129,141.1290283,146.0096283,20.45617294,10.16570091,6.777133942,20.16129112,9.955201149,531.8604736,464.2336731,420.182312,265.4720425,301.9744568,71.59660339,74.54847717,71.15990448,73.92472839,89.59681702
Woodbine-Lumsden,8141,424.6026917,377.2207336,404.8583069,503.6236267,393.072113,97.05204773,48.67364502,110.4159012,270.2370605,196.5360565,97.05204773,85.17887878,36.80530167,12.28350326,61.4175148,121.3150558,146.0209351,134.952774,73.70101929,147.4020386,12.13150597,0.0,0.0,0.0,12.28350353,36.39451599,73.01046753,24.53686714,61.4175148,0.0,0.0,0.0,0.0,0.0,0.0,424.6026917,462.3995972,392.5898743,184.2525488,159.6855469,60.65752792,12.16841125,0.0,12.28350353,49.13401413
South Parkdale,23054,1138.587402,1108.951172,1209.125854,1199.597168,1405.395996,97.8473587,75.10824585,75.01875305,144.4770355,186.5186157,346.9133606,220.906601,141.2117767,125.7916197,130.1292572,395.8370361,393.2137451,278.0106812,267.0635986,273.2714539,4.44760704,0.0,0.0,4.378091812,0.0,151.2186432,83.94451141,88.25735474,39.40282822,99.76576996,8.895214081,17.67252731,17.65147209,13.13427639,0.0,244.6183929,181.1434174,229.4691315,255.9208814,147.4798279,106.742569,57.43571472,26.47720718,43.78092194,91.09048462
Bridle Path-Sunnybrook-York Mills,10707,448.9673767,462.5984192,429.4777832,345.7881165,448.3048401,109.7475815,157.4803162,380.6734924,576.3135376,747.1747437,59.86231613,108.2677155,9.760858536,28.01905296,74.71747589,528.7838135,295.2756042,185.4563141,432.2351379,896.6096802,0.0,0.0,0.0,0.0,0.0,129.7016907,78.74015808,48.80429459,28.81567574,28.01905251,29.93115807,29.52755928,0.0,9.605225563,0.0,249.4263153,383.8582764,117.1303101,149.4349491,242.8317871,29.93115807,59.05511856,9.760858536,57.63135147,74.71747589
Willowdale West,19546,567.4141846,437.1468201,433.6100769,624.1872559,588.3556519,129.6946716,239.897644,185.0774689,228.8686676,301.8520508,59.44339371,69.30376434,95.18270111,92.09045329,30.6968174,108.0788956,122.6143494,84.60684204,156.046814,204.6454468,0.0,0.0,0.0,0.0,0.0,135.0986176,133.276474,153.3498993,15.60468102,194.4131775,0.0,5.331058979,0.0,0.0,0.0,302.6209106,389.1672974,354.2911682,240.4584058,271.1552124,48.63550568,47.97953033,47.59135056,46.81404495,56.27750015
Westminster-Branson,27742,380.3107605,336.6028442,323.8012085,319.1875305,428.9524841,123.1482468,177.349884,221.9311676,304.6789856,306.3946228,39.84207916,50.67139435,61.84967041,14.41857112,18.02321434,137.6362762,54.29078293,90.95539856,112.4410629,104.5346375,0.0,0.0,0.0,0.0,0.0,28.97605896,61.52955246,29.10572624,50.77983475,14.41857147,3.62200737,3.619385481,7.276431561,0.0,0.0,188.3443756,253.3569794,214.6547394,493.8360608,248.7203522,3.62200737,21.71631241,25.46751022,39.89844131,25.23250008
Yorkdale-Glen Park,17258,1302.066895,971.3543091,986.7819824,1073.409302,1199.443726,391.8842163,544.4533691,578.668457,1150.933228,1153.088379,126.4142609,204.1700134,176.6461639,104.2994553,75.32738495,549.9020386,464.0227661,383.7485657,351.8396912,892.3397827,6.320713043,6.186970234,6.091247082,5.963384628,0.0,265.4699402,247.4788055,103.5511932,190.8283081,428.7866516,107.4521179,92.80455017,54.8212204,41.74369431,0.0,543.5812988,791.9321899,682.2196655,753.273844,683.7408447,189.6213837,111.3654633,127.9161835,238.5353851,254.9542236
Thorncliffe Park,22508,544.0647583,439.1664734,530.9814453,509.7705994,568.6867065,67.44604492,89.62580872,71.9974823,147.5651703,244.3575592,35.97122192,67.21936035,76.49732208,71.08583615,44.42864609,125.8992844,183.7329102,157.4944916,236.9986115,217.7003784,0.0,8.962581635,0.0,0.0,0.0,58.45323563,22.40645218,62.9977951,84.9617691,53.31437683,35.97122192,40.33161545,13.49952793,13.41501617,17.77145958,121.4028778,116.5135574,152.9946442,271.0147503,146.6145325,22.4820137,17.92516327,0.0,44.71672058,35.54291916
O'Connor-Parkview,19901,725.3728027,577.3028564,583.8452759,813.8300781,668.3081055,142.0310364,101.2812042,218.3073578,202.1938019,306.5172729,25.36268616,30.38436127,35.53840637,35.17411185,40.19898605,284.0620728,126.6015091,192.9227753,237.577713,221.0944214,0.0,0.0,5.076915264,0.0,5.024873257,60.87044907,96.21714783,60.92298508,40.43875885,15.07461929,20.29014969,5.064060211,10.15383053,15.16453552,0.0,253.6268616,394.9967041,329.9994812,211.0446711,190.9451752,35.50775909,50.64060211,10.15383053,45.49360657,30.14923859
Cabbagetown-South St.James Town,11968,1236.868896,1183.131958,1059.142578,1146.905029,1094.585571,194.8491974,126.7641373,42.36569977,160.2293854,158.7566833,516.7739868,405.6452332,321.9793396,317.513369,259.0240784,931.8875122,591.565979,576.1735229,565.0194092,442.8475952,0.0,8.450942039,8.473139763,0.0,0.0,152.4906769,160.5679016,127.0970993,193.9618835,116.9786072,16.94340897,0.0,0.0,0.0,0.0,626.9061279,464.8018188,432.1301575,434.4919786,417.7807617,25.41511345,25.35282707,59.3119812,75.89812469,50.13368988
North Riverdale,12168,595.7238159,286.8382263,445.7652283,628.6187134,657.4622192,171.3726196,114.7352905,123.8236771,256.4102478,221.8934937,310.1028137,295.0335999,140.3334961,172.5838264,123.2741623,350.9058228,278.6428528,264.1571655,239.8676605,262.9848633,0.0,0.0,8.254911423,0.0,8.218276978,179.5332184,122.9306641,41.27455902,74.44168854,73.96450043,8.160600662,0.0,8.254911423,0.0,16.43655396,456.9936218,303.2289734,272.4120789,254.7666009,156.1472778,40.8030014,16.3907547,8.254911423,24.81389618,16.43655396
Old East York,9540,466.5146179,291.4541626,367.3769226,703.633667,660.3773804,41.46796417,83.27261353,199.433197,231.0438995,335.4297791,0.0,83.27261353,41.98593521,73.37526205,62.89308167,134.7708893,156.1361542,62.97890091,231.0438995,73.3752594,0.0,0.0,0.0,0.0,0.0,93.30292511,52.04538345,73.47538757,73.51396942,62.89308167,0.0,10.40907669,0.0,21.00399017,20.96436119,373.2117004,291.4541626,220.4261627,272.5366876,283.0188599,31.10097504,41.63630676,52.48241806,10.50199509,10.4821806
Runnymede-Bloor West Village,10772,398.8868408,297.0664673,233.7103882,391.6083984,538.4329834,269.0166931,157.8165588,186.9683075,279.7202759,389.8997498,74.21150208,74.26661682,65.43891144,46.41663572,139.2499084,250.4638214,269.2164917,112.1809845,205.1282043,287.7831421,0.0,0.0,0.0,9.324008942,0.0,185.5287628,64.98329163,46.74207687,121.2121201,167.099884,0.0,0.0,0.0,0.0,9.283327103,324.6753235,139.2499084,224.361969,176.3832157,176.3832092,18.55287552,27.84998131,74.787323,0.0,55.69996262
High Park-Swansea,26135,406.4078369,305.8463745,340.7755432,392.2025452,405.5863647,114.4255066,164.6865082,101.8409729,295.1227112,206.6194763,138.0997467,78.42214966,121.4257736,61.22058542,72.69944763,213.0681763,196.0553589,109.6748886,194.1596832,198.9669037,3.945707083,0.0,0.0,3.883193493,3.826286554,102.5883865,39.21107483,47.00352478,50.48151779,34.43658066,11.83712101,7.842214584,7.833920956,11.64958096,11.4788599,228.8510132,196.0553589,129.2596893,160.7040367,153.0514679,51.29419327,31.36885834,15.66784191,19.41596794,38.26286697
Pleasant View,16732,263.7415466,239.9232178,156.8343658,192.6318359,310.7817383,143.859024,167.9462585,84.44927216,162.5331116,268.9457397,17.98237801,35.98848343,48.25672531,11.95314368,65.74228668,71.92951202,113.9635315,102.5455399,90.2961731,101.6017227,0.0,0.0,0.0,0.0,0.0,83.91776276,59.98080444,48.25672531,54.17770386,83.6720047,0.0,0.0,0.0,0.0,0.0,275.7297974,281.90979,440.3426208,310.7817356,215.1565857,23.97650337,35.98848343,36.19254303,24.07897949,29.88285828
Flemingdon Park,23485,658.5744019,567.6442871,640.0276489,612.2009277,711.0921631,38.7396698,77.40603638,73.51669312,94.84803009,166.063446,30.13085365,17.20134163,21.62255669,17.03214818,25.54822159,68.87052155,51.60402679,43.24511337,94.84803009,102.1928864,0.0,0.0,4.324511528,0.0,0.0,55.95730209,21.50167656,17.29804611,56.04656219,55.35448074,38.7396698,60.20469666,34.59609222,4.311274052,17.03214836,73.17493439,124.7097244,151.3578949,114.9670002,208.6438141,12.91322327,12.9010067,8.649023056,4.311274052,21.29018593
Newtonbrook West,26265,615.8311768,681.9953003,786.9721069,884.5114136,761.4696655,231.427002,237.7240906,354.5270386,652.7616577,814.772522,62.75986481,89.63367462,66.23032379,49.49552637,76.14696503,207.8920593,120.8106003,136.3565521,139.0498199,197.9821014,0.0,0.0,0.0,3.862495184,0.0,70.60485077,89.63367462,74.02212524,115.874855,114.2204437,3.92249155,19.48558044,0.0,7.724990368,3.807348251,325.566803,374.1231384,311.6721191,407.3862555,571.1022339,43.14740753,35.07404709,35.06311417,50.21243668,53.30287552
Maple Leaf,10575,266.3369141,265.579071,304.5298767,483.0002747,472.8132324,237.8008118,170.7294006,123.7152634,445.1179199,463.3569641,0.0,18.96993256,9.516558647,0.0,0.0,142.6804962,94.84966278,95.16558838,198.8824768,160.7565002,0.0,0.0,0.0,0.0,0.0,38.04813004,18.96993256,9.516558647,47.35297012,47.28132248,9.512032509,9.484966278,19.03311729,9.470593452,9.456264496,171.2165833,294.0339661,180.814621,179.6690307,160.7565002,28.53609848,18.96993256,28.5496769,28.41178131,9.456264496
Glenfield-Jane Heights,32251,1094.61731,887.1595459,984.6211548,880.9613037,1013.922058,274.4339905,373.540863,331.3328247,501.1829224,368.9808044,24.94854355,46.69260788,18.75468826,15.50339524,15.50339508,112.2684479,158.7548676,128.1570435,105.8398743,133.3291931,6.237135887,3.112840414,15.6289072,9.338811874,0.0,155.9283905,155.6420288,90.6476593,96.50106049,96.12104797,96.67560577,105.8365784,59.3898468,31.12937355,43.40950775,230.7740326,432.6848145,300.0750122,251.1550029,167.436676,37.42281723,59.14397049,21.88047028,34.24230957,83.71833801
Alderwood,13503,275.9466553,281.5829468,205.2451477,323.2110596,325.8535156,114.9777679,213.089798,235.6518402,511.1244812,355.4765625,38.32592392,60.88280106,0.0,88.86914019,14.81152344,199.2947998,327.2450562,129.2284241,315.694519,148.1152344,0.0,0.0,0.0,22.54960823,0.0,38.32592392,91.32420349,15.20334435,52.61575317,59.24609375,7.665184498,0.0,0.0,7.516536236,0.0,413.9199829,357.6864624,357.278595,229.5786122,118.4921875,53.65629196,38.05175018,30.40668869,60.13228989,59.24609375
University,7564,1759.410767,1003.117798,1243.243286,1476.708252,1679.005859,163.6661224,81.33387756,81.08107758,214.7939301,92.54362488,1022.913269,935.3395386,824.3243408,1533.580116,700.687439,1241.134766,799.7830811,432.4324341,523.5601807,727.128479,13.63884354,0.0,0.0,0.0,0.0,218.2214966,122.0008163,162.1621552,187.9446869,185.0872498,0.0,0.0,13.51351357,0.0,0.0,804.6917725,786.227478,310.8108215,502.3796933,515.6002197,95.47190094,81.33387756,67.56756592,161.0954437,145.425705
Blake-Jones,8229,893.4035034,708.786499,626.4586792,721.977478,984.3237305,97.90723419,85.54319763,61.4175148,110.1321564,85.0650177,220.291275,244.4091339,245.6700592,72.91286912,133.6735992,220.291275,329.9523315,331.6546021,269.2119446,413.1729126,0.0,0.0,0.0,12.23690605,12.15214443,122.3840408,61.10228348,159.6855469,134.6059723,133.6735992,24.47680855,24.44091415,12.28350353,24.4738121,48.60857773,281.4833069,317.7318726,159.6855469,170.1300279,182.2821655,48.9536171,61.10228348,24.56700706,12.23690605,36.45643616
Greenwood-Coxwell,15400,841.8167725,776.965271,741.5184937,765.105957,824.675354,189.2456207,195.8735962,118.1179886,156.944809,188.3116913,254.5027466,365.6307068,393.7266235,214.2857143,103.8961029,313.2341309,267.6939087,249.360199,228.8778381,149.350647,0.0,0.0,0.0,6.539367199,6.493506432,71.78282166,150.169754,98.43165588,215.799118,45.45454407,32.6285553,13.05823994,13.12422085,6.539367199,0.0,652.571106,652.9119873,387.1645203,253.2467532,233.7662354,32.6285553,26.11647987,39.37266159,45.77556992,19.48052025
Woodbine Corridor,13282,771.0916138,536.3753052,591.7608643,831.3179932,767.956604,60.47777557,83.10040283,98.62680817,143.5912933,240.9275665,181.4333191,241.7466125,144.1468811,105.4058124,67.76087952,249.4708252,256.8557739,235.1870117,181.378479,188.2246704,0.0,7.554581642,7.586678028,7.557436466,0.0,90.71665955,45.32749176,60.69342422,60.45949173,52.70290756,15.11944389,0.0,0.0,7.557436466,7.528986454,514.0610962,407.9474182,257.947052,188.224665,255.9855499,22.67916489,30.21832657,15.17335606,37.78718185,22.58695984
The Beaches,23097,368.2111206,380.8606567,399.5258484,528.8461304,489.2410278,92.05278015,105.0650101,131.7118073,236.0139923,251.1148682,162.1882324,205.7523041,92.19827271,90.92089882,108.2391663,254.2409973,280.1733704,171.2253571,187.9370575,168.8531036,0.0,0.0,0.0,0.0,4.329566479,70.13545227,30.64396095,74.63669586,87.41259003,69.27306366,8.766931534,0.0,0.0,0.0,0.0,236.7071381,267.0402222,210.7389069,220.8078971,212.1487579,39.45119095,43.77708817,35.12314987,34.96503448,69.27306366
Danforth East York,17883,489.6233215,329.0758057,342.5811462,392.861145,570.3740845,50.07511139,89.24089813,89.85735321,286.227417,285.1870422,66.76681519,117.1286774,123.5538559,72.69473802,22.36761093,133.5336304,184.0593414,129.1699371,145.9198608,67.10283661,0.0,5.577556133,0.0,0.0,0.0,61.20291519,50.19800186,33.6965065,28.06151009,22.36761093,5.563901424,0.0,5.616084576,0.0,0.0,461.8038025,329.0758057,325.7329102,279.5951462,251.6356354,44.5112114,27.88777924,22.4643383,16.83690643,22.36761093
Roncesvalles,15939,706.0455322,698.9924316,568.5407715,617.2450562,853.2530518,88.25569153,94.45843506,113.7081528,138.5652161,175.6697388,340.4147949,283.3753052,151.6108704,131.7523057,131.7523041,598.8778687,421.9143677,423.2470093,333.8162231,301.1481323,6.303977966,0.0,0.0,0.0,0.0,157.5994415,138.5390472,75.80543518,107.0731277,131.7523041,31.51988983,6.29722929,18.9513588,0.0,6.273919106,283.6790161,321.1586914,259.0018921,263.5046113,244.6828461,63.03977966,25.18891716,50.53695679,50.38735199,31.36959648
Little Portugal,17399,526.8199463,497.7187805,630.784668,657.9330444,741.421936,65.85249329,165.9062653,41.26628494,151.3828278,132.1914978,383.1417542,438.4665527,247.5977173,109.2016783,97.70676422,347.222229,319.9620667,235.8073425,186.3173218,183.9186096,0.0,0.0,0.0,0.0,0.0,59.86590195,53.32701492,58.95183563,81.51382446,86.21185303,5.986589909,0.0,5.895183563,0.0,5.747456551,245.4501953,254.7846222,153.2747803,172.4237025,258.6355591,53.87931061,35.55134201,41.26628494,23.28966522,57.47456741
Trinity-Bellwoods,17814,651.6147461,587.2626953,726.0877075,779.3833008,780.2851563,131.4661407,85.52368927,108.6272964,176.3568115,157.1797485,337.2391968,456.1263428,222.971817,174.0204334,258.223877,628.7510986,490.3358154,280.1440735,392.5361328,409.7900391,0.0,5.701579571,0.0,0.0,0.0,125.7502136,119.7331696,108.6272964,176.3568115,140.3390656,0.0,11.40315914,11.43445206,5.688929558,5.613562584,325.807373,171.0473785,160.0823212,207.7018076,224.5424957,17.14775658,45.61263657,45.73780823,56.88929367,50.52206039
Banbury-Don Mills,31047,254.5220032,268.4924011,290.2418823,355.5789795,425.1618652,145.9259491,167.8077545,113.4278564,187.6666718,483.1384583,6.78725338,20.13693047,40.03335953,25.76738493,45.09292221,274.8837585,137.602356,76.73060608,154.7427063,318.8713989,0.0,0.0,0.0,0.0,3.220923185,44.11714935,23.49308586,10.00833988,65.8479538,77.30215454,6.78725338,3.356155157,6.672226906,9.877193451,12.88369274,196.8303528,164.4515991,136.7806549,167.4880021,209.3600006,54.29802704,23.49308586,26.68890762,39.5087738,45.09292221
Lansing-Westgate,17872,403.0864868,555.2693481,532.5240479,374.7445068,497.9856873,143.9594574,263.3236084,360.7420959,369.0665588,632.2739258,28.79189301,62.96868896,68.71278381,5.595344673,61.54878998,224.5767517,223.2526245,91.61704254,210.0840302,324.5299988,0.0,0.0,0.0,17.03384018,0.0,51.82540512,62.96868896,68.71278381,79.49125671,134.288269,11.51675701,5.72442627,17.17819595,11.35589409,0.0,414.603241,486.5762329,229.0426025,285.3625783,313.3392944,57.58378601,45.79541016,28.63032532,68.13536072,44.76275635
Clanton Park,19089,503.4856567,442.7197266,526.8875732,626.3048096,701.9749756,243.4436188,235.0240479,483.4329224,877.8973389,806.7473145,49.79528427,60.12243271,65.18196869,78.5792865,47.14757156,243.4436188,180.3672943,195.5458984,208.7682648,356.2261047,0.0,0.0,5.431830406,0.0,0.0,88.52495575,87.45080566,70.61380005,101.7076187,83.81790924,11.06561947,21.86270142,0.0,5.353032589,15.71585751,376.2310486,420.8570251,407.3872986,340.5102415,377.1805725,22.13123894,27.32837868,38.02281189,53.53032303,57.62480927
Englemount-Lawrence,24465,473.7933044,428.5714417,369.1430054,357.484314,510.9339905,101.5271378,130.2521057,151.0130463,249.4076538,277.9480896,42.3029747,138.6554565,54.53248978,28.61230329,36.7872467,135.3695221,142.8571472,96.4805603,62.35191345,200.2861176,0.0,4.20168066,4.194807053,0.0,0.0,63.45446014,96.63865662,29.36364746,20.78397179,69.4870224,50.76356888,42.01680756,16.77922821,12.47038269,16.34988785,266.508728,289.9159546,260.0780334,208.4610668,220.7234802,29.61208153,33.61344528,37.75326157,12.47038269,28.61230278
York University Heights,29897,1279.837524,1172.138916,1121.615723,1123.0271,1368.030273,497.7145691,631.6713867,586.2221069,775.6643677,879.6869507,60.94464111,131.7389526,60.99420547,113.723785,53.51707458,375.8252869,354.6817932,386.2966309,428.3016357,729.170166,0.0,3.37792182,20.33140182,10.11736107,0.0,277.6366882,158.7623291,135.5426788,171.9951477,354.5506287,20.31488037,40.5350647,47.43993759,43.84189987,20.06890297,538.3443604,885.015564,677.7133789,719.1356992,595.3774414,104.9602203,141.8727264,108.4341431,198.9747772,133.7926941
Bayview Village,25685,293.8583679,288.3268738,288.6765747,477.9733887,533.3852539,159.5231171,119.449707,170.7664185,242.9698029,373.7590027,37.78178787,189.4719543,44.7245369,27.25326066,66.18649292,155.3251343,123.5686646,117.910141,119.4933472,256.9593201,0.0,4.118955612,0.0,0.0,0.0,62.96965027,74.1411972,16.26346779,39.83111572,35.03990555,4.197976589,4.118955612,12.19760132,19.91555786,7.786645889,218.2947845,243.0183716,182.9640198,264.7459607,447.7321472,50.37571716,49.42746353,36.59280396,23.8986702,70.0798111
Newtonbrook East,17338,504.8105469,354.1703491,501.1496887,473.1861267,501.7879944,166.2905273,230.2107239,253.5227814,344.6664429,432.5758362,41.57263184,5.902839184,47.16703033,51.9091014,46.14142227,314.7642212,224.3078918,159.1887207,221.9885559,207.6363983,0.0,0.0,0.0,0.0,5.767677784,59.38947678,88.54258728,53.06290817,52.57623672,115.3535614,0.0,5.902839184,5.895878792,23.36721611,5.767677784,344.4589539,271.5306091,194.5639954,265.3131849,248.0101471,53.45052719,59.02839279,47.16703033,52.57623672,86.51516724
Stonegate-Queensway,26728,344.0843811,411.5381775,310.8179932,392.3936157,512.571106,136.1212921,185.0034027,265.332428,531.9951782,553.7264404,41.59262085,49.08253479,18.95231628,37.41394792,26.18976402,241.9934235,132.1452789,113.7138977,166.0126801,377.8808594,0.0,0.0,3.790463209,0.0,7.482789516,90.74753571,75.51158905,72.01879883,26.41110802,67.34510803,7.562294483,0.0,0.0,0.0,3.741394758,276.0237427,370.0068054,223.6373291,400.3292427,258.15625,15.12458897,18.87789726,26.53324318,33.95713806,41.1553421
Markland Wood,10741,128.7593079,387.2395325,232.7313385,325.8542175,418.9554138,82.77384186,267.3796692,204.8035736,288.6137085,465.506012,82.77384186,9.219988823,9.309253693,9.310120101,9.310119629,229.9273376,110.6398697,83.78327942,111.7214432,139.6517944,0.0,0.0,0.0,0.0,0.0,119.5622177,156.7398071,74.47402954,102.4113235,37.24047852,9.197093964,0.0,0.0,0.0,0.0,165.5476837,147.5198212,214.1128235,372.404804,214.1327667,27.59128189,64.53992462,0.0,27.93036079,9.310119629
Eringate-Centennial-West Deane,19558,225.3290253,215.1859894,195.8964844,293.1194153,460.1697388,209.965683,261.2972717,340.241272,457.6776733,613.5596924,15.36334324,20.49390221,0.0,0.0,10.22599411,102.422287,61.48170853,72.17238617,92.56402588,158.5029144,5.121114254,0.0,0.0,0.0,0.0,56.33225632,97.34603882,20.62068176,61.70935059,66.46896362,10.24222851,20.49390221,5.155170441,5.142445564,0.0,184.3601227,189.5686035,175.2758026,306.7798343,230.0848694,20.48445702,15.37042713,10.31034088,15.42733765,15.33899212
Mount Olive-Silverstone-Jamestown,35386,786.1185913,590.1639404,607.2062988,747.0133667,839.3150024,248.6993256,248.039917,220.5419006,336.4411316,429.5484009,14.29306507,28.51033592,17.18508339,22.607811,31.08574104,100.0514526,51.31860352,45.82688904,74.13109589,67.82343292,8.575839043,8.553100586,0.0,2.851196051,11.30390549,168.6581726,88.38204193,143.2090302,153.9645844,152.6027222,42.87919617,51.31860352,28.64180565,17.10717583,45.21562195,314.4474182,273.6992188,237.7269897,237.3820155,341.9431458,22.86890411,22.80826759,8.592541695,51.32152939,31.08574104
New Toronto,12205,895.6708984,720.3179321,962.6555786,1346.884766,1376.485107,190.7447357,173.8698425,124.4813309,347.0500793,311.3478088,74.63924408,132.4722595,74.688797,172.0606309,73.74027252,207.3312378,339.4601746,149.377594,198.3143311,311.3478088,0.0,0.0,0.0,0.0,0.0,140.9852448,91.07468414,116.1825714,132.209549,131.093811,16.58649826,33.11806488,24.89626503,0.0,8.19336319,348.3164673,331.1806641,199.1701202,393.281442,294.9610901,16.58649826,41.39758301,41.49377441,57.84167862,40.96681595
Etobicoke West Mall,12713,420.5758667,506.7975159,385.6660767,414.540802,519.1536255,97.05596924,80.44405365,136.5900726,247.1300964,487.6897583,24.26399231,16.08880997,32.13883972,31.4638559,23.59789276,64.70397949,112.6216736,96.41651917,167.4107208,94.39157104,16.17599487,8.044404984,0.0,0.0,0.0,80.87997437,72.39964294,16.06941986,39.85969543,7.865963936,32.35198975,48.2664299,0.0,7.97193861,15.73192787,153.6719513,233.2877502,144.6247864,416.8960906,385.4322205,48.52798462,56.31083679,24.10412979,39.85969543,39.32981873
Princess-Rosethorn,12552,216.6486053,190.0983582,205.5921021,219.3695221,199.1714478,233.3138885,165.3029175,189.1447296,495.6126099,916.1886597,41.66319656,16.53029251,41.11841965,7.966857871,15.93371582,274.9770813,99.18174744,98.68421173,105.6223602,501.9120483,0.0,0.0,0.0,0.0,0.0,124.9895859,74.38631439,16.44736862,16.24959373,95.60229492,0.0,8.265146255,8.223684311,8.124796867,15.93371582,274.9770813,305.8103943,279.6052551,223.0720204,151.3703003,33.33055496,33.06058502,16.44736862,16.24959373,39.83428955
Edenbridge-Humber Valley,17271,211.9542236,197.9129181,208.9926605,182.9772186,306.8728027,139.2841949,221.902359,179.1365662,448.5892944,665.8560791,6.05583477,23.98944473,35.82731247,11.58010538,11.58010578,320.959259,137.9393005,95.53949738,177.0747223,364.7733154,0.0,0.0,0.0,0.0,0.0,18.16750526,53.97624969,0.0,35.4149437,40.5303688,18.16750526,5.997361183,11.94243717,11.80498123,5.790052891,199.8425446,161.9287567,143.3092499,225.8120549,162.1214752,60.55834961,5.997361183,11.94243717,53.12241745,28.95026398
Willowridge-Martingrove-Richview,24097,405.7995605,400.3708801,240.9842377,411.5744934,510.4369812,181.764389,295.0101013,253.6676178,445.1723938,435.7388916,8.454156876,4.214430332,25.36676025,20.74947089,12.44968224,177.5373077,88.5030365,88.78366089,113.3929672,128.6467133,4.227078438,0.0,8.455587387,0.0,0.0,160.6289825,67.43088531,25.36676025,62.99609375,70.54820251,21.13539314,29.50101089,12.68338013,16.79895782,16.59957695,156.4019165,181.2205048,224.0730591,273.8930157,253.1435394,12.68123627,16.85772133,12.68338013,20.99869728,12.44968224
Rexdale-Kipling,10722,534.315979,452.6140747,447.0522461,540.9438477,708.822998,479.0419312,369.4808655,372.5435486,512.9639893,690.1697388,9.21234417,9.2370224,18.62717628,9.326618168,9.326618195,128.9728241,166.2664032,270.0940552,195.8589783,149.2258911,18.42468834,0.0,0.0,18.65323639,0.0,202.6715851,129.3183136,93.13588715,121.2460327,223.8388367,46.0617218,9.2370224,9.313588142,9.326618195,9.326618195,423.7678528,387.9549255,512.2473755,484.9841447,438.3510437,27.63703346,9.2370224,18.62717628,83.93955994,37.30647278
Humbermede,16568,1017.195435,574.2609863,813.7981567,719.7290649,959.6813354,423.8314514,459.4088135,370.4603577,647.1513062,736.3592529,6.054734707,24.17941093,12.14624119,6.035731531,12.07146263,375.3935547,205.5249939,182.1936035,211.6850128,175.0362091,0.0,0.0,0.0,0.0,0.0,163.4778442,84.62793732,109.3161697,229.8294373,84.50024414,24.21893883,36.26911545,24.29248238,12.09628677,12.07146263,254.2988586,356.6463013,273.2904053,277.6436504,458.7156067,48.43787766,72.5382309,78.95056152,54.43328857,66.39304352
Kingsway South,10257,293.7303772,110.4306793,300.5409851,208.1474915,633.713562,293.7303772,170.6655884,360.6491699,674.0014038,857.9506836,70.9004364,120.4698334,60.10819626,58.49663644,87.74495697,253.2158356,210.8222046,90.16229248,128.8532104,536.2191772,0.0,0.0,0.0,0.0,0.0,131.6722412,40.1566124,140.2524567,79.29428101,77.99551392,0.0,0.0,0.0,0.0,0.0,232.9585724,140.5481415,170.3065491,194.9887881,126.7427139,40.514534,30.11745834,30.05409813,39.6471405,58.49663544
Humber Heights-Westmount,11398,328.3772583,207.5437622,278.0518494,283.7633972,464.993866,173.3102264,207.5437622,179.3882904,257.1605835,219.336731,9.121590614,9.023641586,26.90824318,35.09387612,8.773468971,209.7965851,81.21277618,143.5106354,88.67606354,114.0550995,0.0,0.0,17.93882942,8.867606163,0.0,45.60795593,18.04728317,8.969414711,79.80845642,52.64081573,63.85113525,0.0,44.8470726,8.867606163,35.09387589,118.5806808,324.8511047,295.9906616,157.9224425,175.4693756,45.60795593,9.023641586,44.8470726,8.867606163,17.54693794
Elms-Old Rexdale,9884,715.3652344,494.0014038,701.1482544,649.6143188,617.1590576,282.1158752,423.4297791,518.2399902,598.8631592,404.694458,10.07556629,20.16332245,0.0,20.23472278,60.70417023,100.7556686,131.0615997,101.6156921,91.35201263,161.8777771,0.0,0.0,0.0,10.15022373,0.0,161.2090607,70.57163239,71.13098145,152.2533569,141.6430664,90.68009949,0.0,71.13098145,60.90134048,0.0,251.8891754,352.8581543,182.9082336,313.6382032,435.0465393,40.30226517,20.16332245,30.48470688,0.0,40.46944427
Pelmo Park-Humberlea,12121,673.9243164,470.4876099,485.2715759,689.1335449,858.0150146,630.7240601,504.7048645,570.4069214,781.5783081,833.2645874,8.640055656,42.77159882,25.54060936,41.25072189,0.0,198.7212677,171.0863953,102.1624374,268.9301758,189.7533264,8.640055656,0.0,17.02707291,8.404067993,0.0,69.12044525,59.88024139,34.05414581,67.23254395,107.2518768,25.92016602,34.21728134,17.02707291,25.21220207,24.75043297,259.2016602,410.6073608,408.6497498,346.5060639,198.0034637,60.48038864,85.54319763,17.02707291,75.63660431,49.50086594
Kingsview Village-The Westway,22759,421.2446289,435.5210876,434.9736328,579.8374634,663.4738159,173.7091217,261.3126526,360.281189,531.5177002,492.1130066,21.71364021,21.77605438,13.18101978,21.96933081,4.393866062,117.2536621,60.9729538,74.69244385,65.890625,175.7546539,0.0,0.0,4.393672943,0.0,0.0,60.79819489,26.13126564,39.54305649,43.92708206,101.0589218,13.02818394,8.710421562,30.75571251,4.392708302,8.787732124,178.0518494,287.4439392,413.0052795,298.7828991,443.7804871,8.685456276,30.4864769,35.14938354,26.35624886,35.1509285
Thistletown-Beaumond Heights,10530,704.9534912,527.5553589,578.8025513,493.6865234,626.7806396,488.7677307,405.0871277,417.4969177,522.168396,455.8404541,0.0,0.0,9.488566399,0.0,47.48337936,131.5913086,103.6269455,75.90853119,161.3975067,218.4235535,0.0,0.0,0.0,0.0,0.0,93.9937973,84.78568268,56.93139648,151.9035339,123.4567871,18.79875946,9.420631409,9.488566399,47.46985626,0.0,366.5758057,518.1347046,379.5426636,208.9268756,522.3171997,37.59751892,47.10315704,18.9771328,18.98794174,132.9534607
West Humber-Clairville,36388,723.597168,699.9664307,680.8439331,747.5752563,884.9071045,1368.358765,1139.545288,1389.706055,2153.794922,2278.223633,19.70887184,13.99932766,33.62192154,16.4889524,27.48158646,380.0996704,310.7850952,274.5790405,375.1771545,582.6096802,5.631106377,5.599731445,2.801826715,2.779090166,5.496317387,202.7198181,212.7897797,148.4968262,191.7572174,211.6082153,39.41774368,13.99932766,14.00913429,13.89545059,24.73342896,999.5213623,1047.14978,1059.090576,1275.145652,865.6699829,183.0109558,156.7924805,154.1004791,169.5244904,219.8526917
Black Creek,23047,895.5875854,1134.776489,908.0540161,1014.074646,1002.299622,314.5478516,349.1620178,285.1377563,305.9707947,360.1336365,30.58103943,8.729050636,30.70714188,13.01687855,21.69479752,166.0113525,104.7486038,118.4418335,144.2433777,125.8298264,0.0,13.09357548,0.0,4.371011257,0.0,192.2236786,100.384079,52.64081573,83.04921722,121.4908676,26.21232033,78.56145477,57.02754974,43.71011353,30.3727169,283.9667969,379.7136841,285.1377563,182.2362997,234.3038177,39.31848145,69.83240509,39.48060989,34.96809006,56.40647507
Humber Summit,13425,855.6716919,695.9678955,766.3126221,959.359436,1229.050293,1014.690308,832.1355591,1016.691956,1314.397949,975.7914429,53.00621033,7.564868927,15.17450714,14.89757914,29.79515839,446.7666321,189.1217194,311.0773926,415.4706116,670.3910522,22.71694756,0.0,7.587253571,0.0,14.89757919,212.0248413,196.6865845,106.22155,226.6203308,186.2197418,68.15084076,37.82434464,30.34901428,52.87807846,44.69273758,514.9174805,695.9678955,652.5037842,625.698324,655.4934692,166.5909424,158.8622437,220.0303497,173.7422638,312.8491516
